12871,6538.19
12985,12161.91
10411,4662.34
12100,6980.45
11372,5046.19
12074,7742.01
10839,4852.91
12238,8663.77
10389,4171.33
10195,6001.34
10760,7560.49
11210,7223.57
11343,7219.97
11100,5885.60
12305,7455.79
10469,4321.22
11278,8171.55
10822,6387.71
11626,6495.57
12823,6781.39
10841,7093.59
10723,7318.08
11070,8472.78
11288,10996.81
10780,5939.11
11349,7193.33
13167,17876.96
11024,6443.72
10223,6517.19
10961,5999.31
10377,7202.20
10714,5576.98
11659,5314.43
11806,8135.48
12101,12158.71
13154,10318.22
10497,6505.27
12701,11217.48
11131,5640.02
10693,5965.41
12214,10490.00
10198,6418.29
11660,11829.28
10619,6573.13
12034,12010.29
10298,6822.26
10795,6991.80
11553,8309.39
11115,9615.11
10575,7962.37
12725,11066.82
15537,30646.95
10982,6788.47
12796,14189.51
10299,5295.92
10585,5393.91
10398,4701.16
10348,6581.63
11353,6640.60
9708,7526.91
12182,7902.98
11614,6197.97
11307,6753.05
12222,6835.40
13421,14864.54
12740,9919.54
10831,5633.17
10994,7953.59
10413,5369.89
13418,12301.48
11317,7437.22
12267,9843.30
10966,5839.64
10531,5403.82
13385,15636.50
11259,6257.59
11284,8466.88
11295,7251.33
11048,7143.44
11231,6917.37
10716,5886.53
9861,7760.32
10764,6650.02
12424,11862.02
10524,5837.71
11438,9159.72
10518,6145.70
11217,6410.12
13033,14410.51
10630,6375.37
10994,9069.82
10354,6438.58
10508,4532.87
11550,7020.83
11242,6231.68
11041,5713.36
9999,4103.97
10794,4784.85
10947,5531.19
13034,15376.39
10940,6487.90
10950,5779.59
10823,5446.88
11270,6516.41
12007,7747.30
11090,9929.08
9022,4953.87
10072,6467.67
11943,6980.60
10611,6245.15
10882,5498.80
10633,5495.79
10778,6420.25
10924,5743.01
11891,9625.31
11156,6407.87
10362,5879.03
12347,6673.61
10885,6642.35
10230,6708.03
11514,8822.47
12097,9615.41
11506,7474.35
10771,5173.32
12562,10781.89
12669,10078.45
11597,6552.23
11057,5490.44
11853,12604.62
10287,7525.80
11469,12355.45
11140,5431.52
12010,10376.87
11174,5236.77
11433,7919.02
11090,5787.99
11108,7287.01
14292,20979.32
10329,4242.37
11386,6019.96
10936,5286.27
10759,5162.04
11165,6965.47
11407,8224.50
11105,6810.98
13792,22350.23
11741,9385.49
14355,34287.09
11941,19876.27
11193,11128.26
13092,15638.72
11796,11211.19
11465,7489.32
11314,5800.05
10784,6151.36
13369,18496.47
10946,6382.89
11494,5565.35
10287,6008.20
13240,17526.20
11019,6279.26
11358,11117.04
11069,7527.00
10792,7569.64
11752,12634.74
11150,6755.11
10938,6809.97
13191,12368.81
13086,7638.59
12937,11287.59
10945,5500.70
11117,5581.69
10842,6004.97
12007,10868.49
11294,6107.49
10991,6533.73
11150,6667.09
12828,7630.25
16092,35630.78
12042,7763.23
12627,9159.46
13611,17053.46
11249,7619.76
11338,6706.24
11780,7115.20
12425,9297.57
11791,6715.67
11208,5824.77
11784,8953.64
14890,17088.39
10853,6399.85
11429,7151.11
10366,5497.15
11897,12384.98
11736,12034.85
10793,5328.88
13292,14026.03
11158,6543.87
11064,6782.48
13587,22167.48
10841,5318.29
10969,6529.32
11299,6923.49
11390,8067.29
10858,6305.06
12379,9275.53
11745,7058.73
12331,9942.37
11076,7565.12
15535,35302.52
11320,6766.87
11112,7332.89
12041,9316.49
11190,6309.61
12660,12854.74
10604,5782.47
10984,6367.45
13765,15776.67
11175,8433.33
12694,8010.34
11945,5820.55
10646,5603.40
14275,19118.58
11476,9950.03
11186,7345.66
11007,6995.91
12471,12046.40
11580,6949.36
11186,6175.78
14090,19943.57
14238,14436.29
13275,21552.69
13706,11674.44
11908,7371.07
11921,10123.68
13605,17303.07
10485,6062.95
10751,6331.55
13777,22459.82
12739,17344.44
11455,7312.11
10822,6876.39
10718,6734.47
11683,6450.14
12290,9795.70
11499,7520.95
12202,10158.00
10952,7630.02
10861,8273.15
12321,11926.87
12999,18120.99
12760,18879.98
13747,15365.98
12085,9231.89
10985,7696.83
13217,13312.18
11617,7277.97
10900,5505.33
11069,6290.61
11286,7784.15
11975,8565.86
11549,6895.45
11803,9037.46
10364,4713.92
11081,8149.47
11662,7680.29
11539,8874.63
11365,7752.36
14267,16599.82
11527,6660.40
11601,7259.85
11152,5889.13
11406,9166.83
11476,7437.28
12940,9250.93
12318,14511.23
10713,4755.67
10657,5183.28
12087,9058.35
12117,9515.35
11570,6867.66
11174,6527.85
11387,8080.98
12193,8277.62
12029,10137.78
14249,20271.87
12031,7774.64
10995,5362.53
11009,6983.71
15262,15417.08
11371,7035.76
12167,9247.01
15017,32671.70
10399,5018.32
11379,7323.83
11776,10690.00
11866,7523.59
10741,6033.07
13025,10300.31
11494,9592.92
12402,12160.90
12123,12491.79
12303,7837.70
11658,7437.16
11386,7935.42
12797,13773.87
11226,6462.76
10485,5819.63
10604,8352.79
10221,8218.22
11325,9286.54
11005,8340.82
12990,16384.41
14510,23754.79
12705,9600.52
10305,6185.93
10907,7152.62
11716,6538.62
11567,7810.32
11572,8542.79
11366,8133.64
11698,8282.18
11040,7518.74
11316,5306.27
10311,5819.52
11548,7098.88
11843,10564.83
11136,8297.03
11140,5965.41
11781,10864.02
12290,11497.60
10576,7291.32
12083,8859.75
12881,14471.31
10624,7171.96
13051,16089.44
10572,6929.06
10964,7349.76
12033,11923.60
11627,10614.62
10844,8902.89
12612,9568.96
10775,8166.32
11285,6865.76
11022,6985.89
11136,7738.45
11249,8625.96
12097,8595.96
11434,7361.83
14224,14896.20
11161,6685.32
15522,22461.16
12016,10692.43
11901,7443.29
12707,15081.92
10956,8922.91
11981,7424.76
13735,11183.32
12220,9024.05
12283,10613.60
11895,7599.27
10826,6827.36
15544,37058.29
11558,9429.65
20912,66586.52
11083,6142.20
10566,6280.29
11750,7166.34
10445,6047.22
11147,8059.62
11093,9409.68
11626,8370.41
10175,6550.56
11380,7766.53
12470,13159.82
11246,7837.95
10179,5923.25
10762,6410.86
12523,11683.57
11195,5904.30
12009,14822.88
10758,6797.44
11685,8738.65
12057,8170.62
15147,23020.39
10151,6898.82
13559,16240.88
11742,7985.77
13216,13249.37
10770,7057.78
11336,8813.39
11335,7818.39
11591,6552.86
11566,7405.80
11406,9977.70
12740,20863.25
13029,13252.11
12215,8193.98
11247,8093.74
10958,8866.85
11792,7170.12
11659,8261.06
11706,8977.92
11938,8042.56
11791,8770.46
10731,6251.23
11695,13383.61
11162,7407.32
11207,9807.33
11291,9870.91
11215,7602.69
10965,6115.42
10252,5135.47
11228,6973.87
12654,13292.36
10657,5538.78
13417,9321.25
12060,9992.56
11079,8147.94
14641,21956.87
11835,8055.02
12142,7485.79
12860,8305.08
12270,8820.10
11204,6898.87
10703,6630.59
11570,5766.98
15357,24078.32
10846,6226.36
11894,10273.91
11425,7413.59
13192,13336.92
12254,9584.71
14805,17235.89
11344,8465.11
12128,8618.87
11471,6013.39
11262,5977.60
12366,9923.47
12561,6685.45
12979,9945.21
13763,17517.29
13004,12994.93
11565,7568.68
13226,12943.68
11722,9680.16
11821,8554.17
12503,10417.74
11144,8785.91
11574,8176.64
11549,10717.87
11299,8632.85
12175,11798.32
10886,5478.20
12445,10981.27
11716,8358.79
12371,10981.51
11698,7860.27
11263,6480.80
12859,13436.13
11108,6506.43
12214,13137.17
11198,5972.03
10963,8264.15
10715,7267.80
10738,6226.90
12725,8449.47
12028,7896.98
11825,8780.48
12565,10271.91
14113,14093.44
11479,7946.54
11506,8835.86
11767,9631.13
12361,11600.49
11049,8426.55
11736,7027.54
12062,7066.24
12971,14257.22
11640,6453.09
11672,8029.08
13049,17253.43
13094,7957.06
11877,6216.77
12014,10157.46
11721,10445.80
11359,6772.34
13542,12504.04
10738,6429.84
10442,6378.60
10011,5236.38
10726,7055.10
11089,6189.04
11690,12433.41
11752,7442.79
12829,10445.59
16181,25600.27
14047,25211.74
10870,6831.13
11483,6590.07
11050,8028.81
11337,9675.53
12318,14001.59
13481,15945.21
11689,8170.70
10755,7428.71
10827,6426.30
11041,6416.75
10840,6793.31
10766,6535.10
10539,6576.91
12054,6875.83
11377,7163.59
12957,12694.64
10970,6989.81
11138,6515.93
11745,8688.50
11025,5917.93
10361,7099.96
11291,9587.11
10967,5947.10
11283,6365.53
10942,6719.00
11162,6256.92
12625,9988.39
11695,8299.94
11115,8227.27
10714,6625.70
13787,13072.42
12983,9335.45
11652,6306.36
10388,6389.34
11957,10534.53
12600,9631.50
12298,15531.61
10765,6850.67
10859,7590.74
10356,5807.76
10487,7341.45
10357,6472.17
10996,8355.03
11719,7556.60
11768,7969.98
14318,19978.12
12575,12578.16
11450,7456.97
12966,18480.77
10612,6595.70
11444,9604.92
11095,9491.15
11309,6658.63
12173,15454.30
12519,15979.76
11048,8675.84
11668,9214.08
14338,24192.86
11426,7254.18
11682,7942.43
12042,9236.78
12737,11976.15
11494,9607.36
12143,11677.37
11273,7926.21
10810,7781.19
11632,9575.45
11240,8944.23
11853,8181.66
11061,6793.02
13439,11764.31
11114,9014.39
12954,12172.23
12347,8251.48
11214,7217.89
11841,6493.09
10830,6680.38
11871,10311.41
13243,19451.27
12323,9593.37
11223,9274.90
13664,18855.28
11015,7142.11
15295,35890.01
11578,8979.87
11164,6842.12
11021,6238.43
12507,12912.88
11039,5820.00
12507,10013.83
11956,8984.87
11323,6236.52
16001,26781.20
10101,6070.86
13835,14751.03
11288,6436.02
12344,9218.49
13170,19142.03
12018,12210.25
13997,11280.86
11298,6465.09
16420,22992.77
11485,6598.78
11665,6416.64
10593,5901.69
11388,9389.20
11561,7889.27
11930,7490.61
11110,6585.79
12417,17146.07
12594,7704.10
12285,12200.53
12840,8027.09
10932,5779.32
13207,15153.46
11442,7270.67
11746,8224.63
11383,7096.46
13223,16437.23
11324,6778.01
10924,6178.93
12678,13393.04
12474,11418.99
10840,7743.29
12063,10576.63
11737,8956.31
13532,18824.41
11471,6859.98
12218,15217.36
12674,10808.38
11365,7419.31
14144,22999.37
11980,9262.81
11150,6877.87
11533,6903.14
11553,8836.59
12945,15719.01
15257,24412.76
13112,27324.36
10261,6283.23
10733,6132.97
10694,5837.05
10751,5779.80
10486,6281.28
10623,7252.46
12497,15078.12
11143,7383.43
12530,8212.38
11470,7489.10
12854,11764.03
12712,12734.46
12640,12067.36
11899,7618.74
14411,25303.43
11021,10723.05
11392,8343.97
10825,6452.08
11084,7683.98
10537,7061.53
13107,16358.48
11483,8063.66
11990,10646.00
11265,6801.85
12356,8189.84
11786,7111.74
10836,6057.43
11398,10934.79
10242,5624.99
11025,6296.43
10252,6196.20
11217,7768.36
10910,5771.01
12714,14068.86
11011,7530.41
12363,9486.90
16121,20322.17
11044,5298.46
14392,22202.65
12288,10290.46
14640,16920.82
11502,6728.66
13665,20071.77
10818,6960.18
11266,7955.61
10422,7388.61
14436,22279.93
13021,14246.85
13105,10029.19
10655,6684.04
12214,13347.54
10729,5253.51
13175,20442.67
14394,23515.00
10393,7100.12
11249,8919.75
10300,6110.08
12023,10555.45
10739,7417.20
11222,6837.85
10704,8640.24
11067,7970.74
11269,6197.54
11716,11048.50
10720,6160.10
11966,10357.52
13586,14965.96
11461,8206.31
10353,7438.62
10685,7014.47
11382,7740.50
10158,6001.87
12299,12963.27
11413,12283.94
13922,8114.79
13305,21589.18
11460,9468.87
12510,9837.50
12078,8862.33
11521,7350.44
11666,9316.60
12751,5842.55
12316,6424.11
14393,22919.41
11509,6816.20
12938,12891.01
11448,9343.94
12644,16859.20
11207,6736.30
11352,13043.25
11288,9077.11
11117,6119.63
11801,11494.47
11659,6925.39
10517,7891.88
15581,37183.03
12873,11531.68
13309,22246.75
11215,7812.71
11516,8003.64
11314,6473.78
11247,12759.09
13048,15275.32
12634,7770.61
13469,13396.31
12779,12571.06
11715,9419.14
11416,7693.04
11005,7207.55
10755,6062.43
11140,7623.05
11344,6556.22
12321,8153.94
11689,6462.32
12284,8610.15
11172,6326.94
11287,7558.93
11569,8157.95
12252,11616.24
13459,11206.31
11869,8534.92
11001,5667.43
11721,6986.38
11213,6867.24
11383,6661.38
11642,7050.21
11074,6438.12
11847,5798.82
12118,7896.00
11407,7949.24
11099,7307.04
11754,8385.69
11457,7249.79
10845,5655.95
11146,5906.09
11148,6589.58
11411,8854.23
11190,6243.94
11893,7134.36
11807,11160.94
10761,6996.75
11524,8391.32
12513,14990.68
12806,11319.34
11190,6600.36
11439,7940.96
12988,16136.75
12878,12480.93
12655,12799.70
10932,6896.08
11716,11461.25
12536,10794.57
12261,11730.44
12402,10102.31
11943,7570.60
12676,14933.44
11883,8123.74
11052,7358.61
11766,8422.55
12412,10127.34
12348,14325.06
10742,5602.35
14609,19343.09
11816,9534.02
12061,8768.41
11362,7784.82
12378,9371.68
10576,5951.03
11720,5451.03
12464,10946.20
16355,31765.99
12892,12230.47
11127,6585.95
11667,6961.86
11003,7586.75
13537,13517.21
11642,8366.12
10367,6498.66
11469,8524.14
11344,6650.36
12513,11582.42
14648,20313.21
10650,7878.94
13292,14740.17
12441,10603.02
12044,7843.09
11195,8582.94
14408,18769.35
11324,6389.72
11169,10247.68
11360,6140.94
14024,16281.34
11498,7290.81
11790,7588.12
11419,6989.66
11974,7808.68
11629,7389.94
14365,16265.61
14187,13391.91
11723,7031.43
11641,5854.41
10998,5738.74
11643,10437.51
11832,8605.95
11928,11435.06
10571,6823.92
12283,8800.74
11164,7950.49
12299,10930.03
10757,6524.69
11900,7872.27
11763,7006.31
11215,6993.63
10581,6444.33
12244,7932.49
14929,25242.26
15240,17880.50
12449,8456.78
11410,7625.69
11327,8600.04
11164,6793.89
11658,6184.77
10886,5760.36
11950,7864.75
11506,7065.87
12950,10957.12
12480,8553.85
11002,5538.56
11376,7746.59
11877,8549.86
10951,5759.00
11275,8264.72
14497,22065.40
12059,10329.26
13312,11317.66
10707,6650.60
11513,6652.88
11039,5671.87
10986,7510.01
11470,12804.85
12077,9013.14
11050,6047.73
10540,5651.95
12847,9795.88
11259,5758.59
11153,8086.26
11273,6972.40
11836,7380.38
13689,23434.74
12938,11742.90
10491,5134.33
11612,10470.82
11019,8481.41
12477,16043.92
11076,6853.13
10913,7190.08
12196,10127.12
12548,12376.49
13505,12295.82
12736,11316.01
11083,6139.33
11368,7800.12
11443,8379.07
13891,15368.30
15268,18863.82
10857,8408.65
11480,7048.56
10738,6384.99
12791,16057.08
10551,5258.79
11463,9269.94
12216,14624.81
14242,30851.58
11357,11576.20
15496,24736.21
10822,7305.73
11104,8815.16
11714,7716.24
11310,6850.20
10668,6430.70
10966,7167.52
12886,17439.20
11541,7545.65
12185,10225.29
12632,14979.81
10939,5248.71
11451,8853.64
13568,11389.77
10993,7208.46
11158,7160.64
11034,6188.07
12305,8993.54
11868,8852.18
12332,10807.91
10832,9984.19
12066,11793.15
11472,9346.33
10806,7695.09
11029,9660.98
11550,8081.35
12030,8040.70
10599,5947.69
11535,6900.05
11164,8656.44
11037,10862.12
12937,10545.80
10779,6282.21
12702,19030.70
12008,6985.64
12247,9325.83
10596,8295.54
13805,20020.09
14798,19500.70
10589,10277.50
10825,7075.28
11585,7837.11
11853,7767.40
11399,7002.28
12257,9200.63
12326,8675.53
12249,8058.29
12006,6560.54
10876,5353.96
10881,8354.93
10895,9074.53
12006,10161.41
13036,11673.59
11447,7188.92
11817,8623.09
12124,14020.03
12695,16208.62
11421,7291.11
10637,5551.97
10058,4836.46
10961,9179.42
11050,6076.85
12286,7287.36
11256,7258.86
10095,6669.54
10443,7791.67
10978,7337.16
10403,6417.48
12336,12172.86
9569,5692.82
10395,4751.24
10566,6811.10
12421,11858.94
12230,9485.48
10949,6461.06
10482,6021.76
10083,7330.03
11459,6430.34
11281,7326.09
11718,11817.35
11514,11107.62
12016,7242.91
14519,22556.31
11643,9434.34
10825,5942.00
12881,11465.84
11838,8402.57
10671,6866.36
11365,9510.13
12924,14568.36
12050,9202.60
10465,7449.21
11599,9374.44
11577,7960.88
11149,6970.20
11971,10916.12
18325,37504.76
12141,14681.18
12978,21239.62
11104,7173.29
10470,6947.67
12189,7484.11
11587,13735.55
11168,8873.00
11187,8853.84
11858,6286.81
11041,7756.67
10650,7018.95
10391,7162.66
11215,6106.39
12081,8771.76
11908,9506.17
10602,6617.15
10821,7059.63
14031,19499.03
10881,7856.36
11175,7764.20
13530,12629.10
10348,6569.10
11105,6190.83
12531,8055.77
10739,6982.65
11212,7951.69
10959,6349.22
11456,6757.39
11404,7942.66
11624,9376.66
14736,14150.09
12656,14507.52
11484,12503.66
10449,5429.76
11325,7229.46
12174,10577.43
16302,37798.59
10499,9020.73
15231,36301.20
9928,5884.30
10750,8059.43
11968,13706.46
10830,7898.42
10160,6077.20
10672,7642.64
11373,7873.53
10339,6678.04
12491,11889.73
10305,7099.44
10872,5827.86
14275,11627.16
12623,7795.72
11373,7156.24
10535,7493.26
14857,13462.48
11195,7503.20
12614,15752.96
11306,8395.01
13265,12349.53
11124,7596.51
11343,7570.53
10917,6979.23
11474,7822.49
12281,9769.45
11582,7379.85
12644,10227.45
11617,7438.95
11499,9110.05
11117,6539.12
11237,6629.73
11093,6893.76
11225,7104.93
14160,22167.76
11220,6478.75
11837,6536.82
11666,9151.04
12517,11367.45
11930,6727.56
10575,6710.36
11511,7325.90
12262,7508.94
11392,8913.46
10818,6870.10
12370,9052.54
11312,6869.48
10384,6913.94
11587,11905.88
10175,6245.35
11687,8933.26
11233,7204.72
11193,6292.23
12351,13702.33
11667,14064.05
11048,6312.36
11027,6798.27
10805,7322.99
11238,8138.75
10821,9423.72
11608,7399.63
10276,5924.26
13153,15053.18
11419,13158.87
12649,11542.66
13431,14278.67
11488,6496.58
11972,7857.55
10966,5632.86
10890,9957.10
14849,18229.89
10444,5757.94
13022,11526.86
9759,5788.34
10797,6696.01
12389,8585.03
13524,16264.71
12043,10601.27
13118,10785.80
10923,6672.23
11239,5787.20
12435,7108.05
11736,7126.89
14653,22752.13
10479,7819.04
10778,6765.88
11232,10305.03
10140,5744.73
10874,7649.98
11335,11293.72
9902,6908.06
14551,13703.53
12732,12065.08
12302,8804.71
12102,7420.46
11930,7012.63
12711,14914.75
11295,7036.07
11414,8031.44
11883,9074.36
10884,6263.53
10301,7457.80
13287,11288.12
11498,11771.32
10934,6318.24
13038,13443.82
11522,7513.57
12815,11197.36
11897,11616.93
12818,14931.70
10869,7823.04
10372,7362.90
10956,7752.58
11444,9692.83
11719,13981.13
12751,14305.82
11096,9248.44
12704,14100.64
12894,16959.50
10977,5545.75
10696,6032.05
12197,13975.05
12204,9284.49
10770,8155.63
12213,9714.66
11169,8056.04
10985,7059.58
10804,7535.32
12299,13036.08
10939,6875.85
13228,13102.97
11365,6808.09
11297,9105.63
12182,12483.64
11084,8409.92
11913,10772.01
13231,12408.18
11792,5865.08
12529,12285.64
13668,11816.12
13050,13858.21
14201,18156.58
11961,9812.64
11782,10764.58
10887,7739.48
11190,7597.98
11727,11046.21
12048,12205.01
11168,9367.23
11661,8600.98
13031,13807.29
9883,6500.66
10723,6947.32
12018,7784.41
13691,14179.35
11605,10927.27
11542,9364.22
10917,8510.56
13205,19399.64
10613,6882.14
10933,8155.23
11315,10321.05
11185,6033.66
13471,14731.22
12142,10689.30
16318,25677.95
10220,6312.21
11984,11843.20
13086,12199.32
11254,6400.02
13075,11100.65
12707,11217.56
11247,8122.33
10784,7865.23
11467,8631.21
12585,10386.95
12288,9906.87
10842,10228.57
12139,13319.21
11342,8475.93
14537,19706.74
14851,17059.25
11290,6823.56
13578,17113.38
12054,9492.53
12401,13290.66
11121,8777.31
12128,9286.37
11919,9923.69
12585,11233.94
11157,5892.30
13303,13793.33
11535,6887.76
13066,10665.27
11363,6121.57
11514,7276.65
12423,8023.79
11400,5947.93
10961,8084.01
11625,8296.95
10165,6195.14
12653,14666.87
11246,9838.31
11663,9341.51
10856,6592.31
11016,7271.74
11437,9434.45
11361,6747.82
12095,11086.96
10987,9113.11
11072,6523.37
11224,8622.82
11139,10335.76
10788,6927.83
13897,21259.56
10663,7626.57
10681,8298.65
26118,65111.57
10294,6325.97
11062,9619.47
10688,7565.63
10951,6462.56
14710,19683.98
11975,10640.83
12395,12429.81
11080,7463.43
12361,8187.84
12370,10597.20
14584,25298.28
12421,11711.44
10607,6704.35
12625,15111.78
13905,16512.91
12872,10153.04
14296,17901.41
11987,10348.20
11330,13241.59
12432,9190.41
11241,9304.01
10732,6973.64
12120,13461.75
10994,6432.54
12304,8279.80
13230,13693.96
10851,5588.47
11067,6209.48
11117,7176.79
13746,17929.60
10891,8432.33
11295,11639.33
16305,29722.42
12680,9865.02
11204,6744.62
11259,8359.54
11405,6610.10
10771,7215.26
11303,6598.35
11658,6357.96
11483,6793.15
11399,8525.30
11850,9683.05
17333,38293.51
12236,11186.21
11977,10511.38
11616,13806.44
10911,7034.94
13556,14534.66
11958,10325.69
11342,7910.56
11963,12341.30
12203,9630.66
11709,7136.83
12407,12643.74
13491,15866.66
10937,7773.24
11710,9864.72
10871,5957.45
12656,19385.35
12591,12133.61
11350,7518.27
10841,8450.99
12061,6855.99
11706,7872.47
12351,10867.06
11415,5815.17
11946,7913.24
11633,5860.07
11337,5818.71
12037,8381.84
12682,12158.38
14001,15978.44
11838,7187.49
15619,23602.12
11739,8767.43
10784,5722.75
11263,6024.23
11755,6866.57
12261,11428.67
12236,10433.78
12508,9183.62
11694,7603.34
11314,8825.03
13059,17703.61
11238,7829.68
12203,10523.93
11082,7002.66
12997,16740.62
9834,7738.04
10195,7750.04
11207,10772.76
11217,7374.37
10972,6548.91
11329,8416.60
12101,8287.54
11444,8496.24
11508,10462.53
11273,8726.39
12116,7050.55
11358,8408.99
12742,11704.93
12163,8906.45
10816,5500.25
10708,6945.49
12100,8769.38
12025,10575.27
11934,9221.18
11417,6621.46
13735,22019.65
10467,6471.46
11878,10433.67
15273,18012.62
11511,10609.88
11930,11084.15
10799,8475.33
11486,9453.20
11400,9226.88
11518,7162.81
13803,16709.32
12158,7118.63
12297,11245.40
13932,15386.75
12017,7325.96
12958,15674.83
11672,11186.24
11476,7028.70
14986,33401.14
11473,8404.60
11309,7225.08
17852,39413.07
11737,7213.07
12126,8652.15
11728,8109.61
12128,9354.06
11210,6924.66
13060,11623.03
12474,9682.31
12015,8154.28
12253,8882.43
12668,8666.15
12369,6547.97
12835,7831.83
11715,7655.41
12595,7622.23
12790,13046.62
11373,10608.50
12705,13435.68
12612,9693.26
11808,7926.81
12213,11464.18
10943,8145.12
14612,19649.21
12442,9230.40
11742,8134.81
11437,11217.00
12741,19485.12
15357,21099.79
11729,7755.32
11816,7824.19
16409,27237.03
11052,6737.47
11134,7546.35
11650,11925.18
12014,8362.20
11008,6360.35
11653,8569.29
12336,11667.81
13907,11834.17
12729,11718.45
11927,9101.64
12102,10390.36
12316,10075.34
12364,11049.04
11373,9471.96
12162,14518.30
12876,9375.09
12300,7228.14
12493,8990.85
11555,9428.41
11801,8060.36
15382,23799.79
10747,7460.38
11138,7780.57
11679,7865.98
13758,12066.06
12351,8061.60
12195,8989.79
10635,7979.71
12874,11931.73
12821,18689.14
11559,7559.91
10934,7411.63
11933,10165.61
12200,8098.12
12542,13764.09
12616,9621.45
11883,7402.35
12519,9175.83
11688,9670.73
11121,6975.63
12148,13000.06
11357,6572.06
11968,19724.28
11315,7583.65
13404,15317.16
11383,6403.44
10674,5085.04
13274,13094.01
10172,5907.42
11249,6883.61
10638,7185.35
12504,11448.37
12821,13710.80
10962,9624.95
12740,14815.73
10817,8292.49
11552,9435.65
11267,7193.04
12339,10021.53
14936,22611.38
12373,10179.78
12568,16042.39
11106,7162.20
11856,10911.39
10475,5386.33
12246,14978.40
13704,13146.76
11676,9168.75
14161,17103.19
10970,8124.16
11768,9622.96
13567,13868.12
12112,12170.50
11566,7312.69
12832,14625.64
13041,15298.56
11417,10465.55
11711,11817.21
11049,6627.00
11565,9458.30
13274,12140.65
10725,5490.06
14993,27582.46
10548,6443.36
11313,7220.03
12040,11269.25
14266,27891.90
11092,7652.23
12370,10737.69
11396,8765.91
10476,6152.21
10691,5751.58
10381,5697.72
12898,16010.20
11157,13133.78
11780,10476.12
12365,13398.32
11632,9986.66
13475,16943.56
11562,8058.93
13263,11565.68
11015,6606.60
11411,6769.69
11595,6235.29
11955,9011.66
12674,14800.87
13624,13709.76
13089,13541.92
11520,10114.70
16341,35388.73
12329,10023.29
11456,8016.06
10319,9126.59
11675,5972.63
13933,15627.96
12400,10966.46
11413,6938.58
11356,9787.91
14192,22490.65
10354,7243.51
11812,7664.56
11596,13748.45
11295,7977.61
10904,7246.85
12124,10342.45
10948,6815.06
11091,9019.62
11770,9305.41
12121,11662.10
11682,8944.16
11071,6836.50
11602,9336.44
12598,7477.69
10567,9908.06
12373,8674.36
11439,7135.33
10433,7800.58
12707,14864.50
10696,8111.37
10970,9175.41
10307,6938.17
13983,14539.58
11317,8977.23
11511,10205.18
12523,12719.03
13077,21305.58
12707,7952.05
12197,8087.27
11086,7144.69
11491,9435.69
11277,9063.02
10366,7478.51
10231,7068.94
12347,10901.84
12174,9122.72
11967,9023.33
12135,15750.69
11451,10999.21
11712,7292.68
11253,5470.53
11201,6476.02
12693,18304.41
11517,11558.19
10965,10113.47
10896,7419.76
13716,14324.73
11729,7913.29
11589,6631.10
13955,28696.81
10327,8055.20
12089,11397.99
10561,8310.78
11098,10344.52
10534,5542.04
12920,24395.38
12051,8209.45
11836,8040.29
10862,6914.93
10905,6471.06
10707,7019.53
9941,6094.79
11795,7603.44
11944,8804.86
11181,11963.43
10236,6491.91
11143,7080.14
14548,22943.86
11009,7086.47
12040,12710.14
10522,8104.94
11222,7259.53
11096,6817.65
14105,19243.54
14827,26993.12
11151,8025.86
12610,20542.24
11625,6909.62
11848,7913.92
12242,8087.91
10615,6550.42
11607,7361.72
11010,6456.91
10477,5574.15
12886,18308.96
11921,10727.68
11947,10670.48
12414,11051.57
12348,12038.21
14028,18894.06
11635,7866.55
11867,7277.17
12867,15546.04
11820,6624.12
12511,10206.43
12015,9905.96
13004,18874.68
10701,6462.32
11418,7623.20
11368,6881.51
11599,7767.37
11424,6113.72
13137,18108.11
12865,12427.69
11278,9257.19
12263,12585.66
11298,7464.96
11020,6977.81
11575,7305.49
13506,14945.27
16425,29976.63
11776,9118.92
11756,8991.12
11721,10357.60
12258,7494.72
10676,7502.58
16796,26510.83
10837,10181.10
12542,10671.30
10338,6712.95
11598,7855.62
11565,7494.22
13449,16450.73
11093,8747.12
12433,8317.12
10593,6778.96
11167,7357.65
11102,8010.61
13799,13323.30
11418,10388.48
11303,11584.93
14369,31875.68
11311,10392.06
12054,8902.17
13369,13806.52
11699,7048.29
10983,10075.61
11605,12696.26
13382,14237.96
11376,10553.87
13321,18323.26
11928,12162.74
10426,7259.67
11746,10718.01
10422,7837.48
11283,7649.77
11548,10213.74
14199,18088.86
12387,9977.95
13974,13535.64
10176,7839.61
12356,9720.95
11681,13136.99
11618,10098.30
13716,14777.65
11702,7384.00
12912,11830.82
12513,8466.54
12315,9418.41
12215,9531.09
12996,14480.30
14950,16466.29
11186,8160.66
10516,9832.27
11133,10223.28
11717,8212.07
11567,6748.37
11604,8723.79
10751,7830.71
12528,11971.47
10634,6536.04
11017,6065.96
11757,7920.53
12204,9969.02
12532,12281.51
10755,6559.26
11710,9081.98
11636,8258.11
10488,7071.05
12800,8422.78
13259,15126.79
11174,10807.80
12140,10437.80
12160,9529.36
12912,13087.55
14215,11676.38
12283,8939.87
12479,12046.42
15016,25209.61
12358,8800.13
11704,7879.49
11358,6635.24
12746,12868.87
11558,7786.10
13527,8471.38
11995,9177.37
11278,7992.48
12332,9890.57
10498,6629.37
11261,7486.90
11975,11062.29
12155,12704.98
11981,10230.20
11422,8371.27
10947,6222.48
11266,7523.51
11965,9675.65
11843,8594.54
12021,11000.65
13180,13338.91
11715,8191.57
11932,7736.19
11668,7756.92
11038,8133.83
12121,10348.73
13080,14711.11
12176,8803.85
15254,19117.57
13937,14549.74
11833,8293.40
12207,9773.15
12378,12629.70
11758,10240.37
13468,16038.90
11892,7548.20
11859,10407.14
11974,8901.59
11083,5646.23
11700,7888.64
11642,6936.85
13032,14276.89
10401,6282.85
11650,12604.75
16454,35510.46
11948,9206.99
11902,9720.77
13208,11964.21
11119,7309.80
11970,7589.78
11632,6892.30
12005,11576.12
12826,15539.63
12140,8477.72
13827,16527.34
14717,24057.92
11310,7644.41
12548,8946.78
13147,14805.11
12859,9566.05
14015,17682.44
12527,11616.59
14840,23192.86
11504,8083.40
10987,6017.02
11471,8738.43
12422,14383.39
13241,14142.05
12232,7831.31
11916,7116.82
13415,11636.73
11215,8265.14
10991,6641.45
12479,8727.10
10726,6147.17
11666,6909.91
12170,12756.52
10674,8225.69
11558,8286.29
10520,6299.88
10284,7664.34
11134,9055.10
11560,7084.83
11771,11150.04
11631,9107.15
11722,8733.21
12914,17065.27
11510,7558.73
10761,7428.45
11219,7604.58
11496,7524.54
11473,7594.35
13533,26325.18
10843,7117.27
10657,5521.72
11827,15866.05
14116,21228.20
14819,18991.94
15581,18972.06
10956,7761.79
12523,7781.19
12187,7149.76
11157,7061.71
10969,7150.37
12212,8518.78
11042,5940.52
13597,15101.72
14206,22793.11
12970,12211.69
11083,7285.86
11154,7194.76
11776,9201.27
10596,8919.63
11402,10147.18
11811,9541.00
11059,6803.14
12533,9819.93
11281,8309.72
11352,8000.03
11309,7896.06
12372,9870.43
12969,13170.88
10916,7127.31
12864,10229.15
10058,5407.11
11942,8503.37
11434,9572.77
11549,7508.19
10581,8110.28
13028,18694.25
11902,8787.42
10501,8274.85
10841,6053.49
12536,15046.16
14578,20720.59
11049,5567.40
11953,9551.64
14048,16196.93
12513,17633.82
10586,8208.80
10187,5946.95
11010,7357.99
11058,5800.24
11800,11738.93
14127,18456.28
10993,5927.44
10828,8401.42
12396,13048.63
10830,6757.47
10540,7340.41
13630,13925.98
11629,7739.59
12522,9889.18
10498,7682.99
12098,7042.93
11822,7494.80
11834,11485.33
11815,13806.42
10649,8702.70
12784,10869.48
11415,7392.32
11427,5854.57
11163,5412.83
11362,7336.65
12330,16585.85
11324,10533.07
10897,8664.75
11928,8096.07
11302,8346.30
12311,13242.97
10625,6433.54
10817,8837.52
13446,16889.37
12645,13552.55
13008,13514.91
13372,13337.83
13921,12388.80
10568,6399.90
11482,7302.97
11473,6424.10
11954,8054.87
11961,9988.09
11514,7312.93
12671,12082.18
10925,7967.97
15650,23629.37
11185,7506.30
12094,9899.06
11900,12169.54
13039,13299.95
12534,16843.83
11446,8465.73
11230,8763.16
12401,7152.10
11951,5547.72
10917,6650.61
10980,7646.41
11588,7997.78
12247,10478.95
11734,14161.30
16001,41965.15
12791,13606.78
13440,14933.51
10612,8802.46
11605,9606.38
11838,16014.32
11487,7719.26
13638,19428.16
13430,22503.68
11690,8886.46
11129,9920.88
10669,6379.58
15414,24673.30
12288,10793.50
11205,8277.48
11754,8515.00
11577,13881.59
11329,9773.81
10894,10159.77
11903,7944.51
10606,6737.93
12210,9165.19
10461,7891.83
11895,8394.65
10715,7815.98
10972,5557.65
15626,19564.59
11109,7417.97
10983,8157.72
13442,10379.00
10553,7573.52
16642,22960.52
12077,7909.01
12056,11799.07
12651,8655.71
12619,7253.69
13216,12624.46
11166,7251.66
11391,6377.60
12512,10048.43
11205,8462.86
18894,36600.91
14657,29333.91
12501,11470.04
13589,26654.20
12095,15747.01
10853,7317.73
14753,25930.08
12607,13868.93
12330,8560.89
13339,15152.54
14215,17404.48
15049,23670.04
11152,5078.47
11104,5851.08
12404,12900.71
11932,7808.66
11746,8120.95
13806,17159.13
10746,7518.32
15107,18852.68
11298,8229.82
10071,6467.00
11659,14143.87
12071,8409.80
11666,7201.55
11196,5928.85
13931,13137.24
10380,7303.18
13600,17285.74
14652,17873.63
11555,7665.28
12284,12633.72
16096,24858.77
11288,6782.77
11672,6539.08
12541,7913.79
10494,6718.33
11585,8019.62
12131,11711.15
11163,6472.54
10128,5497.06
12061,9353.37
11058,7709.22
12331,11842.15
12062,12105.19
11251,7375.44
12323,9749.51
15350,20043.05
12243,8524.98
15538,25642.83
12544,10488.31
10784,6710.75
11953,8352.26
11592,8052.14
12543,10210.92
11675,7478.64
12469,8960.85
13281,12249.69
13749,9666.05
11062,5559.35
11359,8669.10
12517,11280.66
12305,9715.59
12055,8757.22
11361,6114.42
11659,10250.24
11285,9351.85
16540,26246.26
13188,14752.85
11623,6478.19
10910,8138.32
11771,6956.61
11734,11267.55
10684,5747.39
13451,11818.33
11690,10984.48
11790,12518.37
12807,10953.27
13217,11596.70
14030,15218.81
11604,7244.30
11617,6213.19
14212,18621.43
11709,5229.15
11460,6360.31
12368,8894.43
12357,9741.45
11557,7828.42
11830,7916.43
14530,24645.43
15355,25167.82
12807,15108.95
11557,8326.29
10656,6544.98
11263,8271.42
12218,9716.89
11702,11590.06
11665,8629.60
10790,6281.47
11775,11379.76
12596,10477.44
12168,8188.30
11458,7403.43
12343,10393.86
12777,13163.81
12832,13249.06
17693,54420.12
11327,7903.84
13373,19848.72
12228,9848.72
11441,8014.17
13554,13636.22
11655,10860.36
11934,9772.93
12038,10469.39
10617,6938.20
11694,8056.29
12394,12146.30
11450,5883.37
11776,8418.00
11571,10325.66
12812,12629.61
16614,23481.69
12610,11486.73
16403,20063.26
11479,7628.75
11212,8846.62
11255,7283.34
11718,7289.64
12343,12782.49
18240,41956.59
12099,9849.70
14208,14409.36
11338,7344.34
11550,7990.92
10755,8538.86
11191,7381.74
11715,7366.13
13670,12510.49
13596,17859.54
11406,7260.85
11755,9650.71
12029,9232.63
11636,8002.16
12139,9226.15
12660,12824.69
10671,6032.65
11749,10031.89
11932,8513.49
12028,9255.99
12313,12910.09
13091,12465.41
11123,8089.55
11184,6422.65
12641,9627.40
11537,10535.98
11166,5367.83
10625,6890.62
11698,7727.45
10788,5587.98
11050,5550.57
11884,7606.39
12942,19640.71
12287,10541.27
11392,7767.29
10926,6455.55
13625,17506.54
11900,7332.04
12817,10351.53
11994,8913.69
11752,6474.47
11185,7499.61
11090,7270.04
12074,8769.82
11380,8881.93
10835,5055.73
10678,6331.83
11607,8376.56
11108,6399.64
11110,7118.39
14494,18672.61
12581,15970.86
11402,7500.06
11778,7005.28
11308,8677.05
14779,20302.79
14562,18073.27
11271,7066.47
11810,6318.22
11895,7017.98
11611,8471.40
12777,11458.57
11913,9430.67
11279,7357.45
14020,16771.44
11619,8519.09
12330,10917.22
11353,10294.54
11103,6996.38
10817,4921.24
10742,6674.14
11709,7391.60
12752,10571.97
14314,22684.98
17204,27120.37
12029,9174.00
11833,8692.42
10101,5567.16
12002,7878.89
11542,12119.18
11495,6987.54
11109,6180.83
10372,5828.95
17650,28486.93
12010,6419.36
11953,8236.20
12996,13512.90
11004,7971.14
13507,18433.16
15381,34715.39
13272,20178.30
12919,12289.41
12200,11509.13
14320,14566.70
11251,7365.27
11226,7223.06
13504,27195.10
16322,27196.59
11405,7966.86
10576,6368.60
10698,6889.06
11086,7015.55
13378,8706.85
12928,6665.28
11672,7798.63
13422,17860.39
10835,7010.44
10807,8666.45
12631,11393.71
12025,10828.84
11133,5302.73
11277,6886.52
12243,9280.06
11901,9269.04
12655,10020.77
15664,8692.23
12990,9830.59
12480,9327.54
12935,10960.13
13091,11318.52
11951,7861.16
13906,15034.54
13104,10569.03
11781,9230.29
11486,6871.64
14101,17264.79
13841,13278.72
12689,11784.13
12483,9124.73
10984,7176.78
11550,9767.54
10511,5791.87
10924,5969.03
10578,6419.62
10206,5603.55
10771,5792.99
12321,14496.94
12274,10584.67
12279,11627.97
12279,6816.27
11454,7238.12
10756,5387.90
13776,17320.11
12426,11883.10
12179,9166.44
11820,9319.73
11771,7489.90
10656,5357.29
10785,5929.95
13313,10808.57
11203,6350.65
12917,13463.16
11954,9373.77
13828,11509.11
13122,12267.30
12362,9190.14
11607,6945.86
12864,8954.95
11364,6260.65
12683,15277.75
13682,14535.12
10631,5949.32
10531,5824.00
11023,7405.63
12153,9052.97
11750,7673.71
12308,13369.47
11888,9164.90
12753,11069.28
11162,7313.44
12428,11383.44
11265,6531.36
12288,10120.57
11739,7452.24
10722,7497.14
11530,9514.69
10903,6085.19
12196,11219.04
12148,10138.12
13491,13851.10
12216,9703.10
11677,6678.71
12181,7743.66
10905,6082.64
12012,8996.99
11488,6896.32
10324,6875.13
11392,8647.86
10343,7378.10
12057,8302.58
12027,11711.60
11019,6508.88
11792,8663.31
11701,8024.94
12452,14509.89
11055,7425.70
11602,8552.95
11590,9948.20
13234,17882.94
11797,8016.11
12239,12482.51
11351,8686.96
11522,8164.52
12111,9528.63
12010,11449.86
10914,6809.13
11439,7390.96
12931,11140.51
11410,5454.81
11508,10031.14
11002,6190.99
10868,6576.25
17331,34832.47
12797,12470.91
12253,8313.62
12019,8561.04
11826,9315.83
11784,9325.85
15057,28965.79
11389,8825.14
13054,25674.66
11390,9892.76
10520,5535.81
11779,8724.00
11760,8711.50
11643,8895.68
13726,15233.92
13917,16896.91
12645,8598.33
11324,6678.33
10942,8668.31
10853,8466.84
11233,6917.50
11524,10642.12
11931,12492.04
11458,8394.84
11583,9105.35
10854,7041.00
11363,9321.02
11769,9682.06
12196,9406.83
11552,7500.79
12398,14454.74
11235,5831.66
14368,20126.60
12732,7074.80
11627,7767.67
11465,7249.98
11826,7031.88
14232,17961.94
12645,7779.10
11930,9266.29
10756,6985.14
12407,14512.00
11930,7409.71
14079,15210.63
11162,6092.19
11203,8421.13
12473,9524.03
11171,7319.91
11120,8942.06
11198,8326.07
11585,8722.33
11489,10457.86
11380,9600.83
13543,16512.97
11652,10079.09
13111,20727.71
12282,12522.96
12280,15426.37
12348,9976.14
10983,8222.97
11459,8468.31
11628,7024.36
12437,16981.71
11105,8020.58
12032,14786.07
12167,8867.42
14821,22346.01
11832,8481.11
10975,9359.00
12580,15209.55
10876,8348.65
11713,8153.61
11774,12274.52
10947,6658.11
10684,7300.33
11398,12548.03
10901,8533.30
13073,14202.86
12065,7743.11
10855,7500.01
9877,6796.51
13470,13264.53
11240,7117.28
11165,6353.66
11447,7340.91
12624,11500.18
11906,11686.90
11446,7890.45
11308,8311.69
11933,8005.54
12681,12191.25
12605,12269.47
11431,7815.57
11387,9547.74
11146,7877.44
13559,14896.04
11417,9851.12
11811,9123.86
11397,9380.30
10306,7583.23
12111,11895.20
11915,9906.89
12357,11172.43
12416,10205.31
11448,10142.61
9996,6466.24
11922,8492.43
12020,10051.50
16179,31115.57
10580,7353.67
12425,10672.56
12208,7564.07
12476,9276.38
12484,11082.58
10705,8116.11
11032,8182.00
11551,5744.80
10578,6669.35
12439,12912.03
13852,9373.04
17396,54682.25
12544,14582.18
12275,12747.75
11885,7844.86
12600,12451.32
11589,11379.00
11000,6588.19
11550,10723.26
11262,7490.88
10274,6278.86
10916,6860.33
11283,7485.48
11217,8218.55
13865,19052.76
12555,10454.71
12017,13103.16
14106,17393.52
12842,16198.58
12614,11488.45
11683,8297.85
11472,6675.17
14981,28411.40
11048,5814.06
11723,7890.99
11576,7406.59
14544,23937.68
12449,13681.24
10147,7524.03
11444,8616.53
11139,6064.72
12871,20990.74
12084,13486.95
12966,10411.42
10719,5893.80
11318,8242.91
10566,6469.14
12035,9936.81
11355,9140.30
11326,8450.44
11902,9617.26
11287,7249.18
12557,10064.64
11233,6629.00
14377,24001.68
12530,12399.02
11467,7258.22
11794,6615.47
10945,8244.35
11651,10197.28
12139,9225.91
10888,10086.81
13415,21916.29
10929,7893.81
12307,11376.88
11382,7847.57
11729,12447.59
10706,6795.44
12215,13939.16
11984,7909.81
12985,11983.88
11914,10476.00
10871,7275.95
11693,7220.25
12123,9011.79
10712,6148.07
12076,10890.95
12673,12323.89
11971,9337.55
10937,9244.82
11273,8138.24
11577,14072.73
10521,7119.73
11116,7520.07
14871,18407.74
11235,7522.61
11753,6815.28
14116,27352.06
11956,8773.55
12822,13566.26
12215,7481.76
13522,14839.36
14353,23361.36
12072,7846.59
14366,18667.77
12466,9656.25
12457,9573.69
11205,6193.30
11881,9941.12
12946,12767.17
10664,7054.63
11749,9263.31
12760,11217.90
10968,7185.65
12003,9158.89
11023,7079.54
11614,8835.34
13400,12703.03
15025,20102.23
10877,6320.77
10443,6094.51
11553,7816.61
11881,8100.08
11856,8562.43
10739,6126.18
12404,10469.10
11035,7017.67
13242,12861.77
12181,5630.08
10515,5312.63
12774,13081.08
12369,15680.06
13517,21441.01
13124,14681.04
12189,11927.50
10254,5905.94
10885,8358.34
11225,8760.95
11836,9935.68
11661,8949.83
12105,8442.67
12239,8927.84
13612,14604.18
11559,10579.56
12639,8881.82
11692,9870.29
12125,8515.62
11003,7129.45
10530,6527.51
13184,14872.31
12914,19443.42
11528,7422.83
10184,6787.40
10950,11464.88
11061,7889.96
12691,11941.56
10499,8243.93
10810,9160.37
13406,15045.93
11181,9975.46
12023,9063.59
11553,11622.83
12371,13578.35
11170,6402.57
13559,16975.05
11158,11766.55
12066,9578.38
11278,7069.08
10232,6465.68
10840,6624.97
12190,15636.31
13133,19686.08
12392,13499.50
13192,11909.17
12048,8376.66
11914,11497.94
10721,7626.57
10631,7580.46
11190,7498.45
15847,36787.67
13658,20419.06
12603,20902.18
10788,6254.23
10548,6224.52
11482,7503.41
12947,13601.31
11673,7893.14
11919,8218.66
11157,7577.81
11379,6604.30
11220,6656.53
14016,15916.64
12126,8296.86
10237,8196.02
10652,5937.42
11568,8370.97
18712,30545.84
10383,8103.76
12091,7995.17
12231,11184.27
13444,21556.37
11688,11561.04
10555,8087.35
13126,14620.84
11126,8614.02
12318,19188.09
11825,9322.13
10775,7001.47
10700,5968.13
15021,24335.89
12252,17534.62
10675,7236.59
10965,7644.02
13170,16806.98
14080,16859.46
10957,8368.55
12033,9551.21
11077,5812.47
12143,7695.35
13198,10401.61
14515,14934.30
11723,7090.45
11879,7285.99
13384,18725.07
11652,8788.95
15676,23044.40
11581,7215.51
10936,5441.03
11318,7083.46
11410,10231.93
12959,12696.21
13491,14730.01
10781,8166.27
13121,16412.55
11476,10140.95
12544,23293.03
10183,6628.57
11138,12311.73
11624,7767.94
13037,10547.42
11342,6574.37
11014,8164.85
12443,9117.86
11236,7714.03
12503,15218.84
11878,9610.03
10818,5944.72
10330,9219.61
10888,7333.76
11942,8831.97
12762,15342.32
11187,6089.15
11798,8436.10
11906,9698.55
11983,9860.42
10433,5969.91
11615,9035.18
12667,12928.67
10938,6368.88
10436,6696.78
11831,11029.56
11368,7068.38
12017,9017.82
11031,5505.53
12363,8506.71
11474,8457.45
11570,10735.60
12581,9414.54
11266,8317.32
11072,7816.45
13710,21243.97
10422,6183.16
10188,7563.71
11823,9161.73
12585,12458.19
11254,9098.91
12866,13156.54
10677,5635.76
10332,5011.86
10953,7750.87
10906,8025.13
11079,12532.44
11485,8250.48
10965,8481.46
12214,16611.76
10453,7917.96
10550,6020.49
12746,16340.13
12377,10348.38
11836,10552.50
11304,9462.00
12235,12640.03
11810,8752.31
11696,9472.25
12774,12070.50
12248,7882.09
14392,19048.13
12340,10332.25
12083,10826.53
12258,13431.49
11272,6162.75
10483,5763.20
10724,5137.12
11317,7291.52
12278,8097.33
11670,6230.83
12013,12397.33
12178,8444.17
12265,11672.84
12030,8250.30
11665,9847.73
12922,14230.56
12714,10519.26
13078,10961.69
12419,9481.90
11756,10211.44
11664,7934.52
13737,13720.41
11690,9554.86
12859,9798.65
14388,18344.52
12677,13434.28
12642,13939.10
11444,10027.33
10987,7875.05
11922,9498.37
11682,9363.03
10305,6788.47
11476,8861.42
11903,9554.19
10757,7193.14
13141,9960.15
12556,8057.90
12643,12003.80
12241,9759.08
11041,5326.47
12322,9760.15
12149,11700.96
11019,7549.09
12886,11186.07
14288,21435.45
14368,15113.70
12408,11938.89
9662,6180.83
10288,7765.24
13226,19180.22
11251,6038.54
11461,8185.80
11393,6348.61
11017,10008.99
10373,5817.83
12023,9321.60
11255,7083.85
13067,18307.63
10676,7174.76
12175,9520.02
10911,7584.07
11304,6357.97
11894,11313.74
13358,13311.76
12555,11957.08
10482,7295.19
11095,6982.43
11532,9764.94
11639,10114.11
12919,15934.29
11167,8376.37
10773,8549.12
10866,5998.91
11823,10372.37
11718,7827.24
14097,26357.38
12013,10959.28
13093,14109.51
11524,7398.95
11006,7906.98
11106,7838.88
11499,9883.67
11827,7621.49
11368,9781.01
12898,16814.20
12254,16044.18
10866,7771.00
11682,6297.49
11441,9067.27
10575,6222.07
11644,8590.44
11400,9008.54
11229,7484.03
12463,9421.87
12754,16207.42
10483,7358.83
12846,7904.77
10587,5603.20
12250,19829.57
11883,7308.61
11478,9717.82
12764,15507.71
11655,9041.29
11499,7802.41
12191,16911.16
11740,9620.06
11619,7448.50
10958,7842.53
12168,9706.36
11238,6866.63
12565,11472.45
13106,17082.98
12292,10489.47
13016,17727.11
12550,7774.99
11352,5975.45
11030,6941.21
13506,20250.43
13844,16686.84
13783,19829.07
11656,7684.77
11741,7842.07
11287,6956.64
13945,17298.28
11119,10023.44
10892,7202.51
13518,9505.82
12600,10108.72
11918,8651.74
10946,7792.89
11321,7511.24
12482,15867.45
10387,7866.83
12827,12057.22
13734,20997.41
11770,11053.46
11257,6218.60
11310,6975.41
10554,8930.43
11813,11872.01
11529,7405.58
10309,6962.49
9962,7084.19
14025,23000.08
12035,14295.60
12239,11067.28
11603,7250.47
10513,5614.48
10592,6601.50
10574,6755.20
11165,9066.81
11517,7833.76
11030,8146.51
11103,7828.55
11264,8156.82
11532,9813.40
10581,8131.42
11634,9129.32
11647,6972.63
11109,7430.57
11024,10143.74
12005,9774.73
11979,6700.19
13468,13556.72
13306,12587.42
12159,9343.30
12220,11330.15
12135,8989.49
10963,7686.20
11563,8158.91
12737,13695.63
13396,12894.22
12861,15716.71
12684,10535.30
15819,23980.73
11775,7347.88
11822,10165.95
12779,9321.89
11839,7710.15
12050,9272.79
12321,9856.13
11696,7443.08
11155,7259.72
11957,7446.19
12713,9512.31
14824,20495.40
13774,12557.04
11211,6481.42
13579,13588.38
12307,7735.69
11583,9587.56
12441,8678.60
14088,16801.71
12168,11219.24
12154,8912.93
10560,7374.88
12701,8429.88
12723,12746.40
11866,9655.40
11476,7022.66
12267,9587.81
12473,12439.34
11930,8168.74
11525,7181.69
11993,8256.25
11715,7137.06
11438,8983.45
15746,19736.51
12083,9287.51
10608,5756.26
11583,8464.69
11606,7283.90
11475,7084.69
11382,10415.80
11057,7414.77
12057,11885.80
11826,8433.83
12508,8955.82
12456,10182.63
11807,8680.71
10951,5564.21
11395,7193.38
12081,12139.43
26198,71639.57
11415,8544.03
10984,8308.17
11602,9148.69
10850,6872.03
11661,6932.33
11445,10373.86
11451,9509.86
11155,7613.16
11859,9895.11
12592,7766.40
14876,28551.29
12582,11860.97
11455,7702.88
11915,14086.80
13457,20168.23
11887,7058.25
12312,19685.54
10531,7471.79
13647,12707.71
10973,8858.28
11149,7004.01
13899,13597.17
12389,12471.92
12724,11789.35
11948,8048.16
18212,29220.24
10683,7446.48
10997,7322.41
11455,10144.67
11866,8705.76
12419,12728.67
10856,7580.89
12501,9714.41
12912,12499.78
12916,10939.63
11212,10922.70
14142,14828.26
10930,6099.05
11337,10750.09
13472,11666.69
11013,6495.42
11486,6522.61
11274,6970.53
11611,8776.24
12739,14886.38
10755,7246.53
11115,9833.02
12249,9652.23
11057,6204.66
11459,10512.50
15271,28201.80
11233,8185.92
10842,8775.76
12728,13642.85
11438,8321.68
11578,7667.20
11982,12268.84
10903,6314.92
16754,33548.79
11510,9916.25
13804,19057.92
11802,13245.88
13528,20739.37
11467,9470.38
13586,15011.59
13947,20838.95
11610,8029.99
11494,7756.22
12674,8677.37
12018,13006.11
11750,8603.56
13343,18465.59
13478,16897.48
10399,5893.82
11845,9247.53
12852,9627.09
13018,14524.60
11336,7508.97
11678,6927.88
14285,14126.12
11378,9415.18
12046,5692.39
11827,7650.93
13015,9028.19
11842,7427.47
11751,7177.03
10296,6313.72
12327,9184.42
11212,7039.73
13375,21453.95
12179,11457.68
13308,13256.43
12568,11952.80
11258,10777.13
12534,16425.63
11472,8090.94
12026,10621.38
13761,18722.14
14599,22549.68
11253,7678.37
10471,6608.89
13254,18121.53
13082,15755.07
13695,31310.66
13661,19088.33
11835,8038.07
11791,8557.81
13544,18042.49
11992,7557.05
10770,8727.22
12495,12503.34
9878,6061.38
11692,6169.90
14221,15440.78
12145,6475.21
12693,7896.77
12132,9787.94
12538,12931.93
11187,8420.34
12562,14278.51
14479,17005.33
11503,7934.61
14980,17770.67
11551,8700.72
14472,19912.34
11566,10793.51
12316,9471.18
11615,9654.27
11926,10226.19
10728,8404.22
13072,15044.67
11696,9501.92
12007,12211.68
10383,7702.23
11182,6251.47
12159,9517.64
12785,10933.79
14761,23523.04
11874,9496.88
11205,6692.78
12701,11337.44
11637,7658.79
11958,10747.62
13253,11855.96
10589,7289.09
13421,17082.21
13461,17125.19
13562,14819.36
10767,7731.14
11674,7643.76
11151,6511.95
11223,8194.76
12521,13136.70
10435,6271.02
11562,5934.94
12691,16397.73
11893,9918.23
11439,7762.38
11059,10658.55
12409,10945.52
11113,10963.48
11798,7170.90
13695,12255.53
11494,7020.02
11666,8900.98
14465,21187.44
10753,5360.19
11429,8752.85
11119,8088.94
12323,10237.41
12441,9394.06
11983,5992.00
13812,9382.43
14645,17060.62
12876,9275.37
13167,12142.75
14965,23275.91
13341,13649.02
12410,10431.98
14567,18789.72
13641,18151.39
11649,7414.25
11715,7865.81
13548,14713.29
11036,7498.67
12694,10191.87
11529,7656.53
10938,5626.81
13417,18142.21
10853,6157.31
11033,7178.93
14182,14615.22
12002,8303.35
11139,6978.99
11609,9069.16
12341,10733.07
11683,8742.36
11752,6709.26
13077,11666.22
12546,12379.03
13774,16274.31
11512,7515.62
11688,8990.14
11784,6152.59
11118,5020.21
12512,8930.09
12926,15478.92
12829,11386.12
11710,10032.04
11456,6740.19
13161,13377.00
10433,6173.48
10575,7073.60
12348,9671.19
13084,14550.90
10792,5913.62
14533,17882.42
13062,10938.81
12224,9765.82
12024,9251.42
11003,6262.18
10933,6217.25
11242,5894.25
11389,6331.91
11534,6913.46
11176,7747.23
11800,8056.68
11066,7006.26
11795,8980.63
11412,6394.11
11643,8139.55
11015,7368.05
11969,9585.57
11615,8877.58
12553,9551.96
12255,9760.40
11291,7529.73
11882,8384.59
12008,10089.50
10174,5339.98
10521,6812.07
10545,6516.74
13011,17600.15
11687,8180.54
13346,14833.20
12120,11174.21
12358,12092.47
12158,7560.24
12040,7932.23
11343,7201.81
14261,18333.69
12464,11749.85
14609,18509.22
12763,12776.51
11349,9244.55
11079,9390.29
11529,8912.22
12582,11549.42
13310,18995.44
10847,6737.61
11603,8354.53
12270,13972.93
12598,13703.93
12709,11630.04
12935,10645.85
10758,5405.96
11234,6377.95
15313,23772.26
10638,6818.05
13912,20349.60
10729,8990.98
10903,8565.40
11958,6868.71
12881,16413.83
12476,10791.37
12228,12261.41
12179,7697.05
12575,9300.97
11580,7203.19
12517,12525.68
11269,6660.11
12158,9381.01
10897,6631.69
11222,11077.90
11479,8207.61
13895,18063.87
12250,9621.88
11650,6727.22
11821,7617.82
11981,9869.73
13197,17757.47
11265,6500.74
11212,7045.33
11705,8538.68
12382,6302.83
12981,9743.15
11773,9579.72
13666,18942.71
12924,11196.81
10756,7741.98
11178,6714.21
12716,15195.08
11606,6341.41
11534,8693.89
10708,6660.63
11897,7117.74
11787,7879.31
14858,19781.10
15339,22608.38
11837,7160.79
12068,10291.57
10912,6026.46
10559,6382.26
11411,7698.64
11012,7350.97
12002,9784.17
11187,7703.00
15090,24243.68
10997,10240.08
13935,20032.09
11684,9939.47
10536,6029.02
11917,6625.60
12175,9443.53
11642,9118.86
11643,8733.13
12536,11319.38
11748,8559.01
12279,10659.55
11995,10845.72
12339,18959.33
13693,15328.36
12005,8639.12
11348,8820.13
10915,6156.12
13024,17756.97
12232,9473.07
13240,10055.73
11352,7325.24
11995,14118.54
11789,8014.43
11193,5580.17
11205,7422.34
11237,10387.55
11292,6947.18
12340,7529.90
12154,8030.04
13268,16847.89
16951,23967.69
13939,13477.24
11556,6737.84
11163,7195.23
12382,10158.27
11467,7742.68
11889,9456.21
15481,28533.11
12885,14875.34
11925,8398.69
12163,9834.33
10704,6152.51
12418,8338.78
10743,4992.66
11460,7780.96
11938,7872.74
12512,10766.68
11659,6767.79
12618,10086.60
12351,15150.47
11492,8370.22
12271,13956.35
12422,8181.12
11481,6634.32
12354,12235.07
12148,13689.71
11848,7728.09
21204,73434.80
10537,6140.79
12543,12042.45
10391,5955.93
15230,19397.42
10579,6683.36
12467,11416.10
10566,6160.20
12187,8912.46
11598,7919.36
14164,8848.73
10774,6058.29
10467,5671.53
11677,9180.13
9894,6762.54
13125,8699.50
10918,6206.23
11961,11283.99
11309,6189.96
12996,8991.84
11764,7483.76
13796,11592.71
11987,7320.11
11947,6785.14
11422,7857.39
10681,6070.76
13013,11345.86
14105,14784.84
13932,8405.54
11434,6555.90
12883,11473.16
11418,6358.60
12122,5827.94
12204,9883.31
10835,6898.77
12137,12579.45
11160,8055.96
12212,8535.06
12299,10800.51
14084,13962.06
10949,5914.56
10559,5178.79
11700,11860.44
11596,8869.24
11038,6416.71
14202,23698.09
13301,14381.28
13750,22860.45
12200,11797.33
10819,5098.42
11626,6150.73
12065,7708.00
11644,17861.15
11724,10324.50
11707,7994.44
14819,18699.18
10610,8212.38
11044,6073.80
11843,7852.79
12001,11113.64
12582,10563.70
10969,6449.74
13032,19075.00
12148,8687.90
10833,6491.59
13748,19227.47
12853,14758.15
11809,10183.04
13874,9662.70
12897,11631.94
11810,10439.09
14555,17721.02
18460,49997.27
11413,7329.22
12127,8365.79
14333,16621.34
12057,9951.18
11973,9623.70
11960,10442.75
12083,10556.35
10746,5778.51
11500,8982.38
11493,7515.47
11281,7116.44
12259,8317.18
11609,7461.78
12683,10525.54
12104,8838.18
11886,7657.16
13166,14634.56
12469,14651.64
11548,9010.50
12614,10697.98
13434,13402.83
11879,8397.95
12471,7078.29
11179,6654.30
11448,7419.58
15254,10027.02
13447,16378.83
10708,6814.52
11894,9604.53
11045,6227.24
10506,7293.07
11143,6607.26
11104,6459.29
13615,17811.53
11378,5661.50
13596,18638.56
11640,9176.56
10763,7881.96
11632,9068.50
13111,12564.07
11320,6752.78
11053,6346.21
11128,6717.70
11289,5981.72
11246,6861.98
12073,8653.29
13356,20633.68
11402,11385.91
10788,6290.41
12340,10376.30
11342,7492.79
12289,9895.53
11076,5540.79
11469,8119.33
11412,9630.00
11517,9794.25
11190,7387.19
11896,8416.18
12197,8386.32
10960,5432.25
11308,7266.38
11744,11217.22
12045,8670.37
13713,10522.08
12138,14223.02
12137,9175.90
11784,8584.39
11931,6309.67
13842,12541.65
13295,11673.17
14168,24746.77
11078,5930.08
11058,6728.38
10703,5682.20
12045,8632.00
12194,13737.13
12607,16989.23
12621,8442.89
12037,12517.56
12560,10640.16
13454,15245.14
10846,6096.64
10963,7489.78
10804,7128.80
12161,12069.79
11050,6181.25
11683,8712.77
11790,12895.18
13894,19944.96
10979,7028.48
11769,11703.26
11033,7603.26
11149,7899.39
11497,7614.23
13645,16345.42
10305,5432.00
11599,8194.41
11963,7637.99
11489,6887.54
11163,5364.48
11006,6293.90
11471,7909.32
12756,10445.96
10825,5576.63
12372,10696.02
12266,14551.94
11194,6850.19
11147,5707.33
11179,5644.36
13363,14572.60
11279,7406.37
12294,7521.31
13993,18356.87
12994,8780.15
12345,9741.97
11133,6257.99
11938,8548.41
11937,7435.25
11109,6846.78
11528,7214.42
13112,11678.90
16462,27591.59
12924,11072.25
11426,7088.48
13413,8019.81
16162,26193.55
14262,20011.00
13719,17139.55
11044,6779.45
11773,6801.03
11698,7596.39
10948,5378.06
11507,6799.80
12161,11992.29
13245,16244.49
11078,5952.78
12358,11071.31
10743,6278.12
11259,8335.91
12852,13848.30
12962,12232.50
13039,12775.88
11198,5516.12
13700,15778.26
12326,9772.40
13395,13984.13
11827,7976.95
11368,11046.85
11166,6717.38
11038,7550.47
12172,10971.48
12500,15756.72
11258,8495.18
11419,9821.04
11109,6624.96
11518,8871.09
12744,10442.31
12575,10949.05
11037,7160.53
11318,8502.82
11085,6593.70
11700,10726.85
10005,5548.04
10993,6819.37
13806,21044.42
13521,18420.89
11517,9074.05
12787,11595.02
11997,7405.59
12067,7926.49
12910,15114.44
12060,11392.12
13971,16293.48
11835,8051.16
11697,6598.84
12231,14315.68
12292,10108.20
12323,10054.79
11814,7861.88
11487,7193.58
13638,22459.39
11452,8509.52
10861,6242.87
10631,6479.19
11350,7689.00
11190,6851.30
11308,6882.11
11419,9578.68
11769,8448.25
13860,13631.94
13758,16945.08
13042,15537.86
12255,12552.43
10422,5503.55
13451,22845.71
12491,9603.80
11388,8791.48
11559,6980.47
11906,10623.97
14233,17860.02
14274,19558.54
10456,5119.60
11935,7435.70
14072,14955.02
11656,7497.44
10538,6649.15
12821,15833.51
11445,9657.95
11490,8076.49
13279,18618.87
12008,8430.03
12906,13378.33
12389,16212.66
12064,12349.44
11215,9443.19
11181,6316.91
13032,12051.47
17393,39200.87
14218,17099.13
12170,7352.31
14720,18947.04
11980,6263.09
10793,5540.68
13285,16862.25
11625,6825.97
11534,6657.39
13442,11543.87
11922,8830.24
14417,19802.70
10518,5331.84
12717,8141.00
11928,18219.68
11010,6039.24
11436,7121.52
11254,7816.71
11946,8496.48
12415,10264.79
12163,9530.39
13373,22267.19
14323,21499.71
12017,9701.61
11635,7589.36
10686,6454.22
11138,7109.10
11688,6990.32
12394,8447.01
11167,7179.00
11845,8229.92
12447,9548.00
12801,10093.84
12837,10317.92
13521,12864.86
11634,7661.29
12147,7278.72
10997,8284.75
13986,19054.63
14472,21538.53
12579,9405.10
11911,9483.88
11232,8592.74
11853,12110.75
16944,33504.51
9968,6764.28
11894,8470.44
10172,5690.09
11657,8900.26
13923,15732.46
12202,9430.58
10829,5603.95
11659,7497.30
10824,7549.48
10567,5037.45
11034,5938.96
11400,7292.84
11541,10051.42
11103,5651.41
11384,7102.98
11479,7119.48
10982,6511.19
11627,12244.69
13017,10068.57
11196,7576.51
13211,15187.32
14285,28802.73
12316,11562.35
11409,8942.09
12917,10638.83
11081,7695.40
12397,9859.74
13348,11239.74
12654,10426.32
13655,16042.33
12206,11758.85
12012,12854.67
10792,6186.26
10570,6383.86
13573,18761.65
11309,6670.75
11114,6701.09
12450,6624.13
13711,15652.36
11087,8035.07
10792,5951.36
11784,8554.63
13060,11126.14
12419,10542.44
12837,18233.86
10876,5299.56
14686,24398.04
13290,13583.75
11315,6595.02
11097,7666.44
12643,14559.42
11648,7140.02
13052,23108.71
9905,6838.24
11630,11016.62
11108,8984.53
11748,9004.85
16083,39299.13
13778,15566.49
11119,7987.07
12556,10169.34
11166,7821.38
11817,8626.75
13141,19826.28
12052,10051.82
11119,7070.25
11416,12216.48
12150,10513.22
10782,8604.82
12270,13774.47
11698,7771.00
11056,7722.99
10756,5972.05
11324,5538.98
12622,8568.84
13496,13126.63
11529,8869.59
11901,6520.52
10977,6779.90
11462,9202.50
13144,16368.63
12801,11615.86
11673,9148.31
11287,7738.50
11065,7389.30
12261,10384.47
12390,12772.75
11472,7306.51
11535,11976.85
11927,7268.18
11679,11488.74
11355,9031.99
11685,14509.54
10919,8748.21
10926,9408.57
13832,14851.92
11037,9026.63
12090,11065.74
12522,9620.59
11466,8424.82
12043,8686.00
11188,8482.94
11281,10064.71
11920,7335.53
12526,10697.21
10846,7036.50
11792,7913.26
10549,8420.35
11194,9090.49
12054,11266.11
11456,12165.20
13857,17879.43
25476,55706.51
11294,10334.74
12943,13680.37
12278,10862.78
12353,8971.46
11671,7227.51
11382,6118.86
11986,7347.69
12181,6951.53
11822,7534.21
12074,8002.20
12625,7573.76
12372,8695.80
12886,13473.67
13619,12827.97
11875,10088.62
11892,7944.60
10895,6345.74
14334,16907.86
12567,18186.01
14185,19783.57
11319,6804.41
12179,12938.39
10502,6746.16
11829,9860.96
12046,9795.75
10949,9016.73
11064,6778.67
10604,7731.71
10902,6594.73
12008,8587.13
12335,10889.43
10994,5623.83
12858,7410.09
10934,6931.87
12844,9840.41
12089,6722.63
12184,11139.10
12848,16781.30
10539,6728.11
12940,19109.51
11678,8421.93
11649,9483.34
11981,7789.58
13925,20707.62
11204,7196.32
10454,6994.20
12064,9928.33
11123,6243.78
11293,8292.29
10308,7056.22
11809,7895.54
11737,8394.55
13150,12498.96
12338,12966.72
11505,6285.64
14127,15213.00
12855,17980.38
13296,18660.34
12117,8807.15
12652,9694.53
11947,8124.40
11550,11825.81
11615,7624.29
10957,6535.39
11594,8704.44
11471,10696.07
11782,8008.96
11478,11141.71
10365,6910.02
12947,14656.52
11345,9013.12
12304,9264.98
11861,8043.05
13154,10944.33
10922,5614.81
11170,9398.03
10576,9067.31
13213,19949.10
10747,7334.88
12104,9838.21
11598,8704.61
12152,12759.75
12311,9701.33
13033,7540.92
13165,13535.05
12114,10808.30
11379,8234.03
10855,7381.64
10227,7200.11
12421,13175.96
10963,6187.66
11763,11414.63
10954,7058.70
10319,6742.53
12839,14586.15
12418,10579.78
11953,8409.88
11546,11448.19
11841,7256.94
12172,10240.99
10088,9396.32
11541,7582.28
12166,12799.25
12270,11512.08
13061,14088.04
12675,12089.91
11236,8424.27
10300,7681.78
11846,11223.47
10848,10093.34
10906,6751.94
12327,10319.50
10731,6334.41
10859,6945.99
11009,6845.52
10795,6634.96
12887,9558.28
9928,7661.87
11125,8665.56
9948,5609.47
10853,10956.98
11503,8067.99
11239,7863.08
10922,9567.27
13041,11922.01
14779,22694.05
11465,7015.85
11565,8615.10
12196,12020.25
11483,8184.06
11750,12080.18
13494,15551.85
11231,9104.11
9857,6877.35
10585,7574.30
11890,9943.99
9818,6391.04
11163,7766.22
12903,13413.76
12247,19578.89
10935,7336.16
11421,6365.80
11410,8215.42
12072,8881.95
11682,10366.78
11385,7943.94
11342,9795.81
10723,7525.52
12264,12017.44
10929,6068.13
11601,6409.21
12710,10126.42
12515,12411.76
10963,6770.37
11354,7971.48
12801,13765.76
10765,9428.55
13700,10232.98
11825,8360.27
12636,10244.24
12212,9240.68
12689,13208.00
13084,17491.59
11187,7073.94
10303,6555.52
11323,9782.30
10188,6781.39
11788,8612.58
13359,11950.10
14682,21580.43
15483,33955.84
12072,8385.50
11265,8652.27
12409,12997.45
11854,8819.77
11399,8295.89
12424,14338.22
18562,41472.26
9625,7267.37
10207,7169.09
10965,9218.01
11687,8114.57
12176,8477.71
12184,8083.19
12041,7940.80
10924,6565.57
11022,12415.72
11722,7807.21
10822,6767.83
11128,6038.62
10980,5365.37
11639,8059.87
12794,14405.57
15133,25358.35
10954,10276.66
12055,9722.52
11579,8371.28
11455,7247.49
10941,7290.91
11660,7779.32
13520,18637.44
10713,6491.24
10956,6471.79
11335,8540.74
13914,18361.56
11366,7721.29
14868,18330.98
12577,11887.44
11387,6173.14
10822,7370.65
11615,8909.24
13553,14121.17
13746,13764.28
14012,12895.38
10981,6874.64
11156,9453.56
11834,7581.37
12700,12679.46
15423,22996.44
10975,6777.41
10699,5688.02
11223,10275.62
15526,23877.95
12804,16980.06
10883,5910.72
11852,9160.41
11020,7571.15
10619,6198.38
12273,10157.01
10908,6750.37
11688,12731.76
11784,9269.27
13088,11744.71
10630,6836.40
14268,19508.51
11451,8349.66
12052,12242.40
16652,22601.09
12785,19988.44
11352,9974.46
10683,5346.34
10659,6105.34
10211,6034.05
12325,16639.10
15758,26019.63
12385,16710.21
11288,7138.11
11896,8598.31
11130,6054.07
12062,8808.20
11627,8760.01
14000,22085.21
11472,7090.84
12124,10631.19
10541,8847.15
10777,6845.55
11389,6884.42
11019,6061.80
11752,9578.12
12332,10749.18
12305,11909.19
11456,7186.51
10329,6794.07
12872,14022.89
10987,6661.39
11597,6946.47
13405,15995.56
10654,6211.20
13407,24723.21
10881,5508.62
11392,7220.24
11163,7375.73
12393,10322.87
11559,6562.43
12645,9879.22
11099,8609.81
13370,15930.15
12360,10194.11
14496,26764.91
12610,7974.71
14268,18741.66
11098,7288.97
12296,10524.83
12548,10285.20
12110,10238.00
10860,6748.73
12994,9272.89
10761,5907.89
11388,9945.31
12238,15187.81
13054,11014.42
11946,6792.57
13624,16613.00
10809,6111.89
12708,11317.27
14195,17512.79
10464,6657.92
11470,9327.24
13254,17404.13
11659,8706.24
11866,6658.56
11210,7852.14
12348,10061.19
11259,7719.08
12199,9138.16
11900,7739.29
11794,8090.64
13068,12376.11
14665,22793.07
11390,9378.75
11023,8983.04
10604,7422.69
13236,16268.37
14740,32927.33
11123,9798.57
11693,6710.25
12483,16964.58
12064,11005.59
13371,13897.66
10654,6598.21
11026,7762.86
13941,17054.46
12861,10424.92
13716,12644.37
12342,12998.86
12004,10958.18
11897,10912.47
11900,9177.38
11190,8452.52
12873,13837.26
11990,11321.67
12262,13141.71
12329,7616.31
11135,6061.25
11604,12415.53
11953,14655.01
13493,15537.19
11257,8930.88
11460,10502.78
11999,11657.14
10920,7489.12
13006,17969.70
13900,15189.23
11144,7727.98
11292,7738.56
12797,15519.03
11470,6841.71
11255,8862.74
10780,7509.93
10188,6064.19
13222,13464.34
11252,7847.54
11548,10603.26
13514,13070.23
11751,9377.82
11545,9402.97
12846,12001.84
11602,7560.48
11354,8100.92
13016,11650.02
10844,8067.95
12565,9782.01
11791,11714.56
10999,7454.70
12139,10180.60
11793,7997.33
13392,18784.68
13440,19133.16
11479,9807.11
12920,15649.44
10646,6551.79
10971,6432.12
10507,7163.93
11859,12099.69
11409,8748.89
12634,12670.66
10042,6165.46
11621,9515.45
10966,8058.68
11321,8473.10
11626,7522.09
12150,9726.95
13727,16623.70
11523,7834.49
12230,9528.92
11488,10186.37
12251,11626.58
12895,13583.78
11479,8702.15
11506,6619.25
12042,10324.79
11496,8834.57
13337,9753.02
12989,13444.80
10852,5655.65
11950,9428.26
12726,10737.69
13634,10297.11
12770,8894.31
12507,10284.06
11724,7250.67
13400,12681.00
11095,8058.34
14120,11854.90
12404,9241.66
13688,16091.08
12375,11729.76
12617,13207.91
11992,11464.71
12912,10431.05
12878,12779.21
10677,5298.67
10835,7413.01
11546,15646.28
10565,5869.93
13638,17023.12
10659,6109.71
10793,9641.13
10369,8483.94
10179,8549.40
10366,8101.65
9927,6274.90
11098,7508.11
10687,7712.37
11118,10415.68
10448,8808.16
13388,18746.81
11528,7315.75
11290,8806.74
11755,10553.72
22621,68429.54
10834,8069.31
11448,7192.06
11323,7339.25
12036,9187.02
15696,22283.58
11000,7918.89
11524,6914.24
12295,9378.07
11978,9631.42
12115,8109.09
11870,7107.33
