12871
12985
10411
12100
11372
12074
10839
12238
10389
10195
10760
11210
11343
11100
12305
10469
11278
10822
11626
12823
10841
10723
11070
11288
10780
11349
13167
11024
10223
10961
10377
10714
11659
11806
12101
13154
10497
12701
11131
10693
12214
10198
11660
10619
12034
10298
10795
11553
11115
10575
12725
15537
10982
12796
10299
10585
10398
10348
11353
9708
12182
11614
11307
12222
13421
12740
10831
10994
10413
13418
11317
12267
10966
10531
13385
11259
11284
11295
11048
11231
10716
9861
10764
12424
10524
11438
10518
11217
13033
10630
10994
10354
10508
11550
11242
11041
9999
10794
10947
13034
10940
10950
10823
11270
12007
11090
9022
10072
11943
10611
10882
10633
10778
10924
11891
11156
10362
12347
10885
10230
11514
12097
11506
10771
12562
12669
11597
11057
11853
10287
11469
11140
12010
11174
11433
11090
11108
14292
10329
11386
10936
10759
11165
11407
11105
13792
11741
14355
11941
11193
13092
11796
11465
11314
10784
13369
10946
11494
10287
13240
11019
11358
11069
10792
11752
11150
10938
13191
13086
12937
10945
11117
10842
12007
11294
10991
11150
12828
16092
12042
12627
13611
11249
11338
11780
12425
11791
11208
11784
14890
10853
11429
10366
11897
11736
10793
13292
11158
11064
13587
10841
10969
11299
11390
10858
12379
11745
12331
11076
15535
11320
11112
12041
11190
12660
10604
10984
13765
11175
12694
11945
10646
14275
11476
11186
11007
12471
11580
11186
14090
14238
13275
13706
11908
11921
13605
10485
10751
13777
12739
11455
10822
10718
11683
12290
11499
12202
10952
10861
12321
12999
12760
13747
12085
10985
13217
11617
10900
11069
11286
11975
11549
11803
10364
11081
11662
11539
11365
14267
11527
11601
11152
11406
11476
12940
12318
10713
10657
12087
12117
11570
11174
11387
12193
12029
14249
12031
10995
11009
15262
11371
12167
15017
10399
11379
11776
11866
10741
13025
11494
12402
12123
12303
11658
11386
12797
11226
10485
10604
10221
11325
11005
12990
14510
12705
10305
10907
11716
11567
11572
11366
11698
11040
11316
10311
11548
11843
11136
11140
11781
12290
10576
12083
12881
10624
13051
10572
10964
12033
11627
10844
12612
10775
11285
11022
11136
11249
12097
11434
14224
11161
15522
12016
11901
12707
10956
11981
13735
12220
12283
11895
10826
15544
11558
20912
11083
10566
11750
10445
11147
11093
11626
10175
11380
12470
11246
10179
10762
12523
11195
12009
10758
11685
12057
15147
10151
13559
11742
13216
10770
11336
11335
11591
11566
11406
12740
13029
12215
11247
10958
11792
11659
11706
11938
11791
10731
11695
11162
11207
11291
11215
10965
10252
11228
12654
10657
13417
12060
11079
14641
11835
12142
12860
12270
11204
10703
11570
15357
10846
11894
11425
13192
12254
14805
11344
12128
11471
11262
12366
12561
12979
13763
13004
11565
13226
11722
11821
12503
11144
11574
11549
11299
12175
10886
12445
11716
12371
11698
11263
12859
11108
12214
11198
10963
10715
10738
12725
12028
11825
12565
14113
11479
11506
11767
12361
11049
11736
12062
12971
11640
11672
13049
13094
11877
12014
11721
11359
13542
10738
10442
10011
10726
11089
11690
11752
12829
16181
14047
10870
11483
11050
11337
12318
13481
11689
10755
10827
11041
10840
10766
10539
12054
11377
12957
10970
11138
11745
11025
10361
11291
10967
11283
10942
11162
12625
11695
11115
10714
13787
12983
11652
10388
11957
12600
12298
10765
10859
10356
10487
10357
10996
11719
11768
14318
12575
11450
12966
10612
11444
11095
11309
12173
12519
11048
11668
14338
11426
11682
12042
12737
11494
12143
11273
10810
11632
11240
11853
11061
13439
11114
12954
12347
11214
11841
10830
11871
13243
12323
11223
13664
11015
15295
11578
11164
11021
12507
11039
12507
11956
11323
16001
10101
13835
11288
12344
13170
12018
13997
11298
16420
11485
11665
10593
11388
11561
11930
11110
12417
12594
12285
12840
10932
13207
11442
11746
11383
13223
11324
10924
12678
12474
10840
12063
11737
13532
11471
12218
12674
11365
14144
11980
11150
11533
11553
12945
15257
13112
10261
10733
10694
10751
10486
10623
12497
11143
12530
11470
12854
12712
12640
11899
14411
11021
11392
10825
11084
10537
13107
11483
11990
11265
12356
11786
10836
11398
10242
11025
10252
11217
10910
12714
11011
12363
16121
11044
14392
12288
14640
11502
13665
10818
11266
10422
14436
13021
13105
10655
12214
10729
13175
14394
10393
11249
10300
12023
10739
11222
10704
11067
11269
11716
10720
11966
13586
11461
10353
10685
11382
10158
12299
11413
13922
13305
11460
12510
12078
11521
11666
12751
12316
14393
11509
12938
11448
12644
11207
11352
11288
11117
11801
11659
10517
15581
12873
13309
11215
11516
11314
11247
13048
12634
13469
12779
11715
11416
11005
10755
11140
11344
12321
11689
12284
11172
11287
11569
12252
13459
11869
11001
11721
11213
11383
11642
11074
11847
12118
11407
11099
11754
11457
10845
11146
11148
11411
11190
11893
11807
10761
11524
12513
12806
11190
11439
12988
12878
12655
10932
11716
12536
12261
12402
11943
12676
11883
11052
11766
12412
12348
10742
14609
11816
12061
11362
12378
10576
11720
12464
16355
12892
11127
11667
11003
13537
11642
10367
11469
11344
12513
14648
10650
13292
12441
12044
11195
14408
11324
11169
11360
14024
11498
11790
11419
11974
11629
14365
14187
11723
11641
10998
11643
11832
11928
10571
12283
11164
12299
10757
11900
11763
11215
10581
12244
14929
15240
12449
11410
11327
11164
11658
10886
11950
11506
12950
12480
11002
11376
11877
10951
11275
14497
12059
13312
10707
11513
11039
10986
11470
12077
11050
10540
12847
11259
11153
11273
11836
13689
12938
10491
11612
11019
12477
11076
10913
12196
12548
13505
12736
11083
11368
11443
13891
15268
10857
11480
10738
12791
10551
11463
12216
14242
11357
15496
10822
11104
11714
11310
10668
10966
12886
11541
12185
12632
10939
11451
13568
10993
11158
11034
12305
11868
12332
10832
12066
11472
10806
11029
11550
12030
10599
11535
11164
11037
12937
10779
12702
12008
12247
10596
13805
14798
10589
10825
11585
11853
11399
12257
12326
12249
12006
10876
10881
10895
12006
13036
11447
11817
12124
12695
11421
10637
10058
10961
11050
12286
11256
10095
10443
10978
10403
12336
9569
10395
10566
12421
12230
10949
10482
10083
11459
11281
11718
11514
12016
14519
11643
10825
12881
11838
10671
11365
12924
12050
10465
11599
11577
11149
11971
18325
12141
12978
11104
10470
12189
11587
11168
11187
11858
11041
10650
10391
11215
12081
11908
10602
10821
14031
10881
11175
13530
10348
11105
12531
10739
11212
10959
11456
11404
11624
14736
12656
11484
10449
11325
12174
16302
10499
15231
9928
10750
11968
10830
10160
10672
11373
10339
12491
10305
10872
14275
12623
11373
10535
14857
11195
12614
11306
13265
11124
11343
10917
11474
12281
11582
12644
11617
11499
11117
11237
11093
11225
14160
11220
11837
11666
12517
11930
10575
11511
12262
11392
10818
12370
11312
10384
11587
10175
11687
11233
11193
12351
11667
11048
11027
10805
11238
10821
11608
10276
13153
11419
12649
13431
11488
11972
10966
10890
14849
10444
13022
9759
10797
12389
13524
12043
13118
10923
11239
12435
11736
14653
10479
10778
11232
10140
10874
11335
9902
14551
12732
12302
12102
11930
12711
11295
11414
11883
10884
10301
13287
11498
10934
13038
11522
12815
11897
12818
10869
10372
10956
11444
11719
12751
11096
12704
12894
10977
10696
12197
12204
10770
12213
11169
10985
10804
12299
10939
13228
11365
11297
12182
11084
11913
13231
11792
12529
13668
13050
14201
11961
11782
10887
11190
11727
12048
11168
11661
13031
9883
10723
12018
13691
11605
11542
10917
13205
10613
10933
11315
11185
13471
12142
16318
10220
11984
13086
11254
13075
12707
11247
10784
11467
12585
12288
10842
12139
11342
14537
14851
11290
13578
12054
12401
11121
12128
11919
12585
11157
13303
11535
13066
11363
11514
12423
11400
10961
11625
10165
12653
11246
11663
10856
11016
11437
11361
12095
10987
11072
11224
11139
10788
13897
10663
10681
26118
10294
11062
10688
10951
14710
11975
12395
11080
12361
12370
14584
12421
10607
12625
13905
12872
14296
11987
11330
12432
11241
10732
12120
10994
12304
13230
10851
11067
11117
13746
10891
11295
16305
12680
11204
11259
11405
10771
11303
11658
11483
11399
11850
17333
12236
11977
11616
10911
13556
11958
11342
11963
12203
11709
12407
13491
10937
11710
10871
12656
12591
11350
10841
12061
11706
12351
11415
11946
11633
11337
12037
12682
14001
11838
15619
11739
10784
11263
11755
12261
12236
12508
11694
11314
13059
11238
12203
11082
12997
9834
10195
11207
11217
10972
11329
12101
11444
11508
11273
12116
11358
12742
12163
10816
10708
12100
12025
11934
11417
13735
10467
11878
15273
11511
11930
10799
11486
11400
11518
13803
12158
12297
13932
12017
12958
11672
11476
14986
11473
11309
17852
11737
12126
11728
12128
11210
13060
12474
12015
12253
12668
12369
12835
11715
12595
12790
11373
12705
12612
11808
12213
10943
14612
12442
11742
11437
12741
15357
11729
11816
16409
11052
11134
11650
12014
11008
11653
12336
13907
12729
11927
12102
12316
12364
11373
12162
12876
12300
12493
11555
11801
15382
10747
11138
11679
13758
12351
12195
10635
12874
12821
11559
10934
11933
12200
12542
12616
11883
12519
11688
11121
12148
11357
11968
11315
13404
11383
10674
13274
10172
11249
10638
12504
12821
10962
12740
10817
11552
11267
12339
14936
12373
12568
11106
11856
10475
12246
13704
11676
14161
10970
11768
13567
12112
11566
12832
13041
11417
11711
11049
11565
13274
10725
14993
10548
11313
12040
14266
11092
12370
11396
10476
10691
10381
12898
11157
11780
12365
11632
13475
11562
13263
11015
11411
11595
11955
12674
13624
13089
11520
16341
12329
11456
10319
11675
13933
12400
11413
11356
14192
10354
11812
11596
11295
10904
12124
10948
11091
11770
12121
11682
11071
11602
12598
10567
12373
11439
10433
12707
10696
10970
10307
13983
11317
11511
12523
13077
12707
12197
11086
11491
11277
10366
10231
12347
12174
11967
12135
11451
11712
11253
11201
12693
11517
10965
10896
13716
11729
11589
13955
10327
12089
10561
11098
10534
12920
12051
11836
10862
10905
10707
9941
11795
11944
11181
10236
11143
14548
11009
12040
10522
11222
11096
14105
14827
11151
12610
11625
11848
12242
10615
11607
11010
10477
12886
11921
11947
12414
12348
14028
11635
11867
12867
11820
12511
12015
13004
10701
11418
11368
11599
11424
13137
12865
11278
12263
11298
11020
11575
13506
16425
11776
11756
11721
12258
10676
16796
10837
12542
10338
11598
11565
13449
11093
12433
10593
11167
11102
13799
11418
11303
14369
11311
12054
13369
11699
10983
11605
13382
11376
13321
11928
10426
11746
10422
11283
11548
14199
12387
13974
10176
12356
11681
11618
13716
11702
12912
12513
12315
12215
12996
14950
11186
10516
11133
11717
11567
11604
10751
12528
10634
11017
11757
12204
12532
10755
11710
11636
10488
12800
13259
11174
12140
12160
12912
14215
12283
12479
15016
12358
11704
11358
12746
11558
13527
11995
11278
12332
10498
11261
11975
12155
11981
11422
10947
11266
11965
11843
12021
13180
11715
11932
11668
11038
12121
13080
12176
15254
13937
11833
12207
12378
11758
13468
11892
11859
11974
11083
11700
11642
13032
10401
11650
16454
11948
11902
13208
11119
11970
11632
12005
12826
12140
13827
14717
11310
12548
13147
12859
14015
12527
14840
11504
10987
11471
12422
13241
12232
11916
13415
11215
10991
12479
10726
11666
12170
10674
11558
10520
10284
11134
11560
11771
11631
11722
12914
11510
10761
11219
11496
11473
13533
10843
10657
11827
14116
14819
15581
10956
12523
12187
11157
10969
12212
11042
13597
14206
12970
11083
11154
11776
10596
11402
11811
11059
12533
11281
11352
11309
12372
12969
10916
12864
10058
11942
11434
11549
10581
13028
11902
10501
10841
12536
14578
11049
11953
14048
12513
10586
10187
11010
11058
11800
14127
10993
10828
12396
10830
10540
13630
11629
12522
10498
12098
11822
11834
11815
10649
12784
11415
11427
11163
11362
12330
11324
10897
11928
11302
12311
10625
10817
13446
12645
13008
13372
13921
10568
11482
11473
11954
11961
11514
12671
10925
15650
11185
12094
11900
13039
12534
11446
11230
12401
11951
10917
10980
11588
12247
11734
16001
12791
13440
10612
11605
11838
11487
13638
13430
11690
11129
10669
15414
12288
11205
11754
11577
11329
10894
11903
10606
12210
10461
11895
10715
10972
15626
11109
10983
13442
10553
16642
12077
12056
12651
12619
13216
11166
11391
12512
11205
18894
14657
12501
13589
12095
10853
14753
12607
12330
13339
14215
15049
11152
11104
12404
11932
11746
13806
10746
15107
11298
10071
11659
12071
11666
11196
13931
10380
13600
14652
11555
12284
16096
11288
11672
12541
10494
11585
12131
11163
10128
12061
11058
12331
12062
11251
12323
15350
12243
15538
12544
10784
11953
11592
12543
11675
12469
13281
13749
11062
11359
12517
12305
12055
11361
11659
11285
16540
13188
11623
10910
11771
11734
10684
13451
11690
11790
12807
13217
14030
11604
11617
14212
11709
11460
12368
12357
11557
11830
14530
15355
12807
11557
10656
11263
12218
11702
11665
10790
11775
12596
12168
11458
12343
12777
12832
17693
11327
13373
12228
11441
13554
11655
11934
12038
10617
11694
12394
11450
11776
11571
12812
16614
12610
16403
11479
11212
11255
11718
12343
18240
12099
14208
11338
11550
10755
11191
11715
13670
13596
11406
11755
12029
11636
12139
12660
10671
11749
11932
12028
12313
13091
11123
11184
12641
11537
11166
10625
11698
10788
11050
11884
12942
12287
11392
10926
13625
11900
12817
11994
11752
11185
11090
12074
11380
10835
10678
11607
11108
11110
14494
12581
11402
11778
11308
14779
14562
11271
11810
11895
11611
12777
11913
11279
14020
11619
12330
11353
11103
10817
10742
11709
12752
14314
17204
12029
11833
10101
12002
11542
11495
11109
10372
17650
12010
11953
12996
11004
13507
15381
13272
12919
12200
14320
11251
11226
13504
16322
11405
10576
10698
11086
13378
12928
11672
13422
10835
10807
12631
12025
11133
11277
12243
11901
12655
15664
12990
12480
12935
13091
11951
13906
13104
11781
11486
14101
13841
12689
12483
10984
11550
10511
10924
10578
10206
10771
12321
12274
12279
12279
11454
10756
13776
12426
12179
11820
11771
10656
10785
13313
11203
12917
11954
13828
13122
12362
11607
12864
11364
12683
13682
10631
10531
11023
12153
11750
12308
11888
12753
11162
12428
11265
12288
11739
10722
11530
10903
12196
12148
13491
12216
11677
12181
10905
12012
11488
10324
11392
10343
12057
12027
11019
11792
11701
12452
11055
11602
11590
13234
11797
12239
11351
11522
12111
12010
10914
11439
12931
11410
11508
11002
10868
17331
12797
12253
12019
11826
11784
15057
11389
13054
11390
10520
11779
11760
11643
13726
13917
12645
11324
10942
10853
11233
11524
11931
11458
11583
10854
11363
11769
12196
11552
12398
11235
14368
12732
11627
11465
11826
14232
12645
11930
10756
12407
11930
14079
11162
11203
12473
11171
11120
11198
11585
11489
11380
13543
11652
13111
12282
12280
12348
10983
11459
11628
12437
11105
12032
12167
14821
11832
10975
12580
10876
11713
11774
10947
10684
11398
10901
13073
12065
10855
9877
13470
11240
11165
11447
12624
11906
11446
11308
11933
12681
12605
11431
11387
11146
13559
11417
11811
11397
10306
12111
11915
12357
12416
11448
9996
11922
12020
16179
10580
12425
12208
12476
12484
10705
11032
11551
10578
12439
13852
17396
12544
12275
11885
12600
11589
11000
11550
11262
10274
10916
11283
11217
13865
12555
12017
14106
12842
12614
11683
11472
14981
11048
11723
11576
14544
12449
10147
11444
11139
12871
12084
12966
10719
11318
10566
12035
11355
11326
11902
11287
12557
11233
14377
12530
11467
11794
10945
11651
12139
10888
13415
10929
12307
11382
11729
10706
12215
11984
12985
11914
10871
11693
12123
10712
12076
12673
11971
10937
11273
11577
10521
11116
14871
11235
11753
14116
11956
12822
12215
13522
14353
12072
14366
12466
12457
11205
11881
12946
10664
11749
12760
10968
12003
11023
11614
13400
15025
10877
10443
11553
11881
11856
10739
12404
11035
13242
12181
10515
12774
12369
13517
13124
12189
10254
10885
11225
11836
11661
12105
12239
13612
11559
12639
11692
12125
11003
10530
13184
12914
11528
10184
10950
11061
12691
10499
10810
13406
11181
12023
11553
12371
11170
13559
11158
12066
11278
10232
10840
12190
13133
12392
13192
12048
11914
10721
10631
11190
15847
13658
12603
10788
10548
11482
12947
11673
11919
11157
11379
11220
14016
12126
10237
10652
11568
18712
10383
12091
12231
13444
11688
10555
13126
11126
12318
11825
10775
10700
15021
12252
10675
10965
13170
14080
10957
12033
11077
12143
13198
14515
11723
11879
13384
11652
15676
11581
10936
11318
11410
12959
13491
10781
13121
11476
12544
10183
11138
11624
13037
11342
11014
12443
11236
12503
11878
10818
10330
10888
11942
12762
11187
11798
11906
11983
10433
11615
12667
10938
10436
11831
11368
12017
11031
12363
11474
11570
12581
11266
11072
13710
10422
10188
11823
12585
11254
12866
10677
10332
10953
10906
11079
11485
10965
12214
10453
10550
12746
12377
11836
11304
12235
11810
11696
12774
12248
14392
12340
12083
12258
11272
10483
10724
11317
12278
11670
12013
12178
12265
12030
11665
12922
12714
13078
12419
11756
11664
13737
11690
12859
14388
12677
12642
11444
10987
11922
11682
10305
11476
11903
10757
13141
12556
12643
12241
11041
12322
12149
11019
12886
14288
14368
12408
9662
10288
13226
11251
11461
11393
11017
10373
12023
11255
13067
10676
12175
10911
11304
11894
13358
12555
10482
11095
11532
11639
12919
11167
10773
10866
11823
11718
14097
12013
13093
11524
11006
11106
11499
11827
11368
12898
12254
10866
11682
11441
10575
11644
11400
11229
12463
12754
10483
12846
10587
12250
11883
11478
12764
11655
11499
12191
11740
11619
10958
12168
11238
12565
13106
12292
13016
12550
11352
11030
13506
13844
13783
11656
11741
11287
13945
11119
10892
13518
12600
11918
10946
11321
12482
10387
12827
13734
11770
11257
11310
10554
11813
11529
10309
9962
14025
12035
12239
11603
10513
10592
10574
11165
11517
11030
11103
11264
11532
10581
11634
11647
11109
11024
12005
11979
13468
13306
12159
12220
12135
10963
11563
12737
13396
12861
12684
15819
11775
11822
12779
11839
12050
12321
11696
11155
11957
12713
14824
13774
11211
13579
12307
11583
12441
14088
12168
12154
10560
12701
12723
11866
11476
12267
12473
11930
11525
11993
11715
11438
15746
12083
10608
11583
11606
11475
11382
11057
12057
11826
12508
12456
11807
10951
11395
12081
26198
11415
10984
11602
10850
11661
11445
11451
11155
11859
12592
14876
12582
11455
11915
13457
11887
12312
10531
13647
10973
11149
13899
12389
12724
11948
18212
10683
10997
11455
11866
12419
10856
12501
12912
12916
11212
14142
10930
11337
13472
11013
11486
11274
11611
12739
10755
11115
12249
11057
11459
15271
11233
10842
12728
11438
11578
11982
10903
16754
11510
13804
11802
13528
11467
13586
13947
11610
11494
12674
12018
11750
13343
13478
10399
11845
12852
13018
11336
11678
14285
11378
12046
11827
13015
11842
11751
10296
12327
11212
13375
12179
13308
12568
11258
12534
11472
12026
13761
14599
11253
10471
13254
13082
13695
13661
11835
11791
13544
11992
10770
12495
9878
11692
14221
12145
12693
12132
12538
11187
12562
14479
11503
14980
11551
14472
11566
12316
11615
11926
10728
13072
11696
12007
10383
11182
12159
12785
14761
11874
11205
12701
11637
11958
13253
10589
13421
13461
13562
10767
11674
11151
11223
12521
10435
11562
12691
11893
11439
11059
12409
11113
11798
13695
11494
11666
14465
10753
11429
11119
12323
12441
11983
13812
14645
12876
13167
14965
13341
12410
14567
13641
11649
11715
13548
11036
12694
11529
10938
13417
10853
11033
14182
12002
11139
11609
12341
11683
11752
13077
12546
13774
11512
11688
11784
11118
12512
12926
12829
11710
11456
13161
10433
10575
12348
13084
10792
14533
13062
12224
12024
11003
10933
11242
11389
11534
11176
11800
11066
11795
11412
11643
11015
11969
11615
12553
12255
11291
11882
12008
10174
10521
10545
13011
11687
13346
12120
12358
12158
12040
11343
14261
12464
14609
12763
11349
11079
11529
12582
13310
10847
11603
12270
12598
12709
12935
10758
11234
15313
10638
13912
10729
10903
11958
12881
12476
12228
12179
12575
11580
12517
11269
12158
10897
11222
11479
13895
12250
11650
11821
11981
13197
11265
11212
11705
12382
12981
11773
13666
12924
10756
11178
12716
11606
11534
10708
11897
11787
14858
15339
11837
12068
10912
10559
11411
11012
12002
11187
15090
10997
13935
11684
10536
11917
12175
11642
11643
12536
11748
12279
11995
12339
13693
12005
11348
10915
13024
12232
13240
11352
11995
11789
11193
11205
11237
11292
12340
12154
13268
16951
13939
11556
11163
12382
11467
11889
15481
12885
11925
12163
10704
12418
10743
11460
11938
12512
11659
12618
12351
11492
12271
12422
11481
12354
12148
11848
21204
10537
12543
10391
15230
10579
12467
10566
12187
11598
14164
10774
10467
11677
9894
13125
10918
11961
11309
12996
11764
13796
11987
11947
11422
10681
13013
14105
13932
11434
12883
11418
12122
12204
10835
12137
11160
12212
12299
14084
10949
10559
11700
11596
11038
14202
13301
13750
12200
10819
11626
12065
11644
11724
11707
14819
10610
11044
11843
12001
12582
10969
13032
12148
10833
13748
12853
11809
13874
12897
11810
14555
18460
11413
12127
14333
12057
11973
11960
12083
10746
11500
11493
11281
12259
11609
12683
12104
11886
13166
12469
11548
12614
13434
11879
12471
11179
11448
15254
13447
10708
11894
11045
10506
11143
11104
13615
11378
13596
11640
10763
11632
13111
11320
11053
11128
11289
11246
12073
13356
11402
10788
12340
11342
12289
11076
11469
11412
11517
11190
11896
12197
10960
11308
11744
12045
13713
12138
12137
11784
11931
13842
13295
14168
11078
11058
10703
12045
12194
12607
12621
12037
12560
13454
10846
10963
10804
12161
11050
11683
11790
13894
10979
11769
11033
11149
11497
13645
10305
11599
11963
11489
11163
11006
11471
12756
10825
12372
12266
11194
11147
11179
13363
11279
12294
13993
12994
12345
11133
11938
11937
11109
11528
13112
16462
12924
11426
13413
16162
14262
13719
11044
11773
11698
10948
11507
12161
13245
11078
12358
10743
11259
12852
12962
13039
11198
13700
12326
13395
11827
11368
11166
11038
12172
12500
11258
11419
11109
11518
12744
12575
11037
11318
11085
11700
10005
10993
13806
13521
11517
12787
11997
12067
12910
12060
13971
11835
11697
12231
12292
12323
11814
11487
13638
11452
10861
10631
11350
11190
11308
11419
11769
13860
13758
13042
12255
10422
13451
12491
11388
11559
11906
14233
14274
10456
11935
14072
11656
10538
12821
11445
11490
13279
12008
12906
12389
12064
11215
11181
13032
17393
14218
12170
14720
11980
10793
13285
11625
11534
13442
11922
14417
10518
12717
11928
11010
11436
11254
11946
12415
12163
13373
14323
12017
11635
10686
11138
11688
12394
11167
11845
12447
12801
12837
13521
11634
12147
10997
13986
14472
12579
11911
11232
11853
16944
9968
11894
10172
11657
13923
12202
10829
11659
10824
10567
11034
11400
11541
11103
11384
11479
10982
11627
13017
11196
13211
14285
12316
11409
12917
11081
12397
13348
12654
13655
12206
12012
10792
10570
13573
11309
11114
12450
13711
11087
10792
11784
13060
12419
12837
10876
14686
13290
11315
11097
12643
11648
13052
9905
11630
11108
11748
16083
13778
11119
12556
11166
11817
13141
12052
11119
11416
12150
10782
12270
11698
11056
10756
11324
12622
13496
11529
11901
10977
11462
13144
12801
11673
11287
11065
12261
12390
11472
11535
11927
11679
11355
11685
10919
10926
13832
11037
12090
12522
11466
12043
11188
11281
11920
12526
10846
11792
10549
11194
12054
11456
13857
25476
11294
12943
12278
12353
11671
11382
11986
12181
11822
12074
12625
12372
12886
13619
11875
11892
10895
14334
12567
14185
11319
12179
10502
11829
12046
10949
11064
10604
10902
12008
12335
10994
12858
10934
12844
12089
12184
12848
10539
12940
11678
11649
11981
13925
11204
10454
12064
11123
11293
10308
11809
11737
13150
12338
11505
14127
12855
13296
12117
12652
11947
11550
11615
10957
11594
11471
11782
11478
10365
12947
11345
12304
11861
13154
10922
11170
10576
13213
10747
12104
11598
12152
12311
13033
13165
12114
11379
10855
10227
12421
10963
11763
10954
10319
12839
12418
11953
11546
11841
12172
10088
11541
12166
12270
13061
12675
11236
10300
11846
10848
10906
12327
10731
10859
11009
10795
12887
9928
11125
9948
10853
11503
11239
10922
13041
14779
11465
11565
12196
11483
11750
13494
11231
9857
10585
11890
9818
11163
12903
12247
10935
11421
11410
12072
11682
11385
11342
10723
12264
10929
11601
12710
12515
10963
11354
12801
10765
13700
11825
12636
12212
12689
13084
11187
10303
11323
10188
11788
13359
14682
15483
12072
11265
12409
11854
11399
12424
18562
9625
10207
10965
11687
12176
12184
12041
10924
11022
11722
10822
11128
10980
11639
12794
15133
10954
12055
11579
11455
10941
11660
13520
10713
10956
11335
13914
11366
14868
12577
11387
10822
11615
13553
13746
14012
10981
11156
11834
12700
15423
10975
10699
11223
15526
12804
10883
11852
11020
10619
12273
10908
11688
11784
13088
10630
14268
11451
12052
16652
12785
11352
10683
10659
10211
12325
15758
12385
11288
11896
11130
12062
11627
14000
11472
12124
10541
10777
11389
11019
11752
12332
12305
11456
10329
12872
10987
11597
13405
10654
13407
10881
11392
11163
12393
11559
12645
11099
13370
12360
14496
12610
14268
11098
12296
12548
12110
10860
12994
10761
11388
12238
13054
11946
13624
10809
12708
14195
10464
11470
13254
11659
11866
11210
12348
11259
12199
11900
11794
13068
14665
11390
11023
10604
13236
14740
11123
11693
12483
12064
13371
10654
11026
13941
12861
13716
12342
12004
11897
11900
11190
12873
11990
12262
12329
11135
11604
11953
13493
11257
11460
11999
10920
13006
13900
11144
11292
12797
11470
11255
10780
10188
13222
11252
11548
13514
11751
11545
12846
11602
11354
13016
10844
12565
11791
10999
12139
11793
13392
13440
11479
12920
10646
10971
10507
11859
11409
12634
10042
11621
10966
11321
11626
12150
13727
11523
12230
11488
12251
12895
11479
11506
12042
11496
13337
12989
10852
11950
12726
13634
12770
12507
11724
13400
11095
14120
12404
13688
12375
12617
11992
12912
12878
10677
10835
11546
10565
13638
10659
10793
10369
10179
10366
9927
11098
10687
11118
10448
13388
11528
11290
11755
22621
10834
11448
11323
12036
15696
11000
11524
12295
11978
12115
11870
