12293
12885
12967
10882
12091
11525
12924
11031
12676
10791
10895
11970
11394
11140
10932
12299
10757
11722
11193
11851
12561
10579
10241
11102
11461
11013
11542
12828
11261
10581
10918
10521
10756
11820
11903
12244
13412
10616
12994
11304
10611
12420
10590
11684
10851
12651
10918
10800
11627
11323
11143
13024
15759
11220
13021
10702
10875
10855
10715
11702
10300
12526
11814
11488
12292
13407
13091
11311
11163
10800
13830
11544
12715
11218
10819
13550
11521
11362
11490
10959
11299
10856
9897
10662
12717
10730
11821
10800
11561
13012
10859
11343
10631
10637
11633
11569
11373
10303
11185
11297
13415
11385
11285
10945
11193
12599
11431
9338
10252
12091
10916
11117
11004
11017
11174
12263
11344
10602
12792
11487
10814
12041
12168
11763
10986
13149
12815
11736
11531
12503
10671
11869
11535
12424
11191
11756
11276
11164
14554
10339
11294
10896
10941
11360
11578
11401
14015
12044
14495
11841
11475
13596
12142
11917
11384
11116
13427
11040
11716
10482
13976
11121
11760
11523
10821
12174
11098
10943
13059
12969
13234
11333
11444
11209
12290
11208
11267
11406
13054
16419
12480
12877
13851
11647
11287
12113
12002
12001
11287
12213
15453
11474
12059
10730
12151
12176
11096
13729
11294
11259
13891
11123
11107
11381
11622
11011
12634
11663
13091
11558
17256
11728
11973
12174
11340
13060
10897
11094
14259
11771
13096
12559
11059
14830
11946
11505
11543
13189
11760
11391
14836
14616
13318
13901
12215
12308
14136
10958
11212
14185
13032
11764
11189
10783
11928
12658
11385
12435
11056
10973
12876
13452
13355
13823
12563
11187
13400
11889
11135
11112
11123
11928
11598
12156
10772
11491
12098
11667
11274
14567
12066
11949
11453
11533
11566
13049
12466
10872
11018
12593
12623
12066
11285
11659
12273
12399
14608
12160
11106
10955
15650
11273
12192
15164
10807
11540
12068
12083
11042
13011
11979
12926
12313
12434
12043
12274
12955
11271
10834
10878
10559
11767
11198
13292
15071
13032
10739
11258
12064
11856
12069
11590
11838
11063
11482
10718
11717
11439
12442
11155
12237
12781
11028
11995
13335
10685
13134
10564
11040
12452
12098
11324
12564
11069
11456
11089
11132
11322
11340
12035
14243
11934
15752
12059
11749
13211
11076
11694
14074
12102
12726
11945
10923
15428
11632
21772
11419
10898
11957
10869
11623
11186
11377
10820
11755
12555
11806
10070
11234
12512
11596
12265
11426
12358
12774
15379
10416
13254
11742
13983
11603
11668
11345
11894
12085
11523
13028
13393
12168
11908
11646
11545
12339
12138
12906
11889
11019
12023
11574
11094
11972
11436
11191
10436
11403
13265
10911
13767
12691
11348
15098
11704
11628
13279
12042
11386
10856
11373
15802
11040
12146
12496
13354
12865
15888
11676
12403
11467
11080
12584
13005
13087
13934
13373
11881
13671
12363
12104
12346
11375
11794
12181
11273
12269
11358
12532
11644
11964
12701
11621
13351
11408
12597
11771
11276
10952
10691
12480
12334
12305
12877
14141
11303
11714
12482
11661
11779
12210
12464
13471
11922
12337
13203
12987
12611
12162
12190
11551
13908
11503
10859
10549
11242
11443
12092
11807
13217
15722
14465
11304
11570
11164
11539
12684
13933
11867
11179
10844
11394
11256
10941
11132
12169
11963
13381
10841
11423
11716
11637
10830
11610
11303
11475
11764
11368
12831
12107
11446
11003
14078
12980
11708
10878
12231
12976
12711
11156
11302
10400
11073
10494
11062
11818
11896
14422
12637
11604
13141
10889
11868
11620
11549
12618
12994
11568
11850
14548
11609
11838
12314
12900
11978
12428
11571
11112
12026
11910
12143
11633
13907
11554
13132
12784
11656
12127
11104
12335
13337
13054
11789
14523
11298
15907
12098
11539
11256
12988
11191
12908
12012
11556
16286
10604
14302
11832
12847
13201
12069
13992
11847
16793
11879
11697
11294
11399
11765
12195
11277
12967
12962
12620
13091
11420
14283
11825
12189
11391
13328
11767
11076
12935
12915
11407
12432
12019
13817
11783
12638
13106
11948
14472
12295
11347
11764
11906
13217
16224
13819
10678
11242
10913
11195
11027
11296
13013
11197
12404
11713
13218
12733
12928
12276
14965
11539
11792
11385
11594
10900
13964
12080
12616
11531
12287
12010
11088
11870
10671
11237
10889
11915
11326
12850
11693
12373
17017
11344
12407
14553
15052
11830
13801
10941
11634
10826
14928
13307
13663
11077
12098
11769
13571
14119
10477
11450
10417
11202
11484
11180
11110
11038
11965
11833
11798
12483
13647
12167
10589
10928
12321
10245
11844
11974
15671
13494
12540
12493
12597
11699
12584
12346
12850
15011
11872
13481
11752
11723
12240
12219
11778
11442
11683
13106
10628
15755
14030
14002
11682
10704
11962
11844
12609
13078
13002
14730
11511
13008
11674
11178
11499
11379
12790
12215
13017
11818
11339
11850
12769
13695
12554
11581
11509
11658
11556
11978
12169
11770
12350
11247
12221
12005
10771
12251
11289
11287
12506
11501
11766
13031
11027
12400
12500
12863
11742
12463
11705
14424
13401
11765
11983
12763
13303
12216
12249
13657
11723
11930
12086
12382
13171
11316
15048
11685
13122
11217
13790
11202
12166
12057
17371
13988
12008
11354
12171
13773
12239
11150
11865
11907
12882
14736
11538
13632
12561
12827
11798
13465
12586
12063
11560
14937
11939
11667
11964
12251
12501
13826
14787
12023
12496
11473
12325
12081
12573
10995
12664
11695
12935
11064
12510
12180
12149
11156
12372
14842
16004
12678
11667
11666
11401
12454
11216
12225
12167
13907
12810
11305
11617
12575
11228
11775
15012
12190
13526
11336
11807
11341
11549
12168
12856
11380
11090
12961
11731
11331
11461
11927
13871
13279
10679
12122
11777
12975
11646
11324
12730
13119
14196
13129
11662
12049
12297
14408
15203
11402
12009
11347
13504
11365
12519
12552
15902
12905
13715
11366
11979
11900
11482
10844
11907
12568
12167
12782
12873
11180
12493
13592
11046
11689
11578
12642
13250
11547
11880
12498
11482
12034
10919
12204
11612
11053
12288
11676
12212
12323
14273
10495
11938
12294
12503
14903
12661
11732
10807
12548
12046
12472
11755
12879
12886
11569
11644
11655
11119
12033
13781
11477
12219
13939
11516
11397
11254
11139
11240
11415
13095
10671
10162
11151
11367
11005
11493
10536
11041
11654
12306
12197
10426
10947
11761
11250
11452
12362
12442
12150
16014
10897
12133
13436
12333
10589
12432
12982
12968
10806
11375
12095
11690
17581
12541
16632
10747
10849
12788
12981
10612
10978
12567
12121
10280
10402
11885
11786
12214
11510
10905
12896
12446
11727
12390
12699
10733
12679
11852
11403
10938
11989
11489
12556
13025
13422
14608
11563
11061
12586
12839
15200
15571
10757
10984
10857
12554
11322
10446
11510
11578
11590
11249
11366
14298
12568
12651
11611
13307
13142
13357
11652
11556
13151
11447
12124
11948
12079
12565
13898
12052
11912
11610
11732
11440
11670
13521
11197
12047
12672
12714
11726
12076
10990
11893
12210
11433
12594
11987
10821
11832
10710
11745
11344
11763
12721
11992
11074
11492
11186
11417
10738
11944
11402
13005
10911
14112
14599
11363
11925
11950
11775
14247
11459
12740
11200
11254
11282
13457
12013
13647
11646
11889
12273
12156
14566
12222
10951
11753
10867
11203
11178
10875
14129
13626
11851
12384
12400
13548
11108
11614
11940
11772
10641
13233
13134
11180
13208
11993
12360
12273
14807
10892
10692
11832
11881
11273
14301
12354
11756
13993
11423
11377
12687
11087
12334
12183
11225
11594
11453
12027
11482
11934
13337
11481
12653
11932
13365
13467
11788
12530
12918
15150
13800
12475
10762
12640
11734
12571
12060
11037
12181
12622
11585
10633
11917
14396
12437
11222
11918
13904
11766
11269
12300
10843
13797
12148
14782
12601
10536
15287
11340
12854
13624
12178
11127
11317
13452
12070
12511
12775
10796
12978
16167
12791
12708
13607
12272
11845
12249
12977
12421
12450
12210
12488
13103
13221
11535
12887
11532
10889
12513
10394
11579
12778
11753
11289
11216
12015
11955
13104
10995
11524
11047
11797
11205
14164
11007
11093
30477
11071
11737
11205
11441
14020
13108
13193
11427
12189
12593
11867
16783
10679
12615
13388
13542
13695
11865
13160
12403
11702
10454
12949
11005
12418
12692
11643
11535
11437
12964
11475
12761
11964
15252
12371
11590
11933
10914
11719
11448
12097
11571
11855
16857
13750
12154
10933
12414
13634
12536
11496
12919
12256
11610
13368
12847
12205
12418
11368
12689
12999
11707
10565
12860
12290
12470
12267
11991
12176
11062
12465
13083
13826
12262
14512
14049
11306
11419
12007
12241
12741
13301
11924
11643
13550
11479
12294
10994
14200
10325
10327
12200
10993
11268
11579
13264
11675
11912
11839
11901
11815
13654
12493
10927
11097
11862
12365
13539
10897
11250
13139
11775
15242
11015
13402
10854
11418
11877
11304
14028
12468
13563
13560
12438
13274
12004
11676
15749
11105
11332
19481
12079
12060
12789
12284
11420
13110
12953
12356
11502
13468
12361
12904
12320
12548
12973
11655
13330
12531
12081
12574
11269
15693
11844
12356
10736
14493
15043
12160
11843
16660
11392
11382
11610
12134
11302
11604
11756
14733
12789
12554
12289
12438
12752
11343
12464
13226
12272
12456
11762
12170
15349
11048
11575
11820
13756
12681
12308
10761
13138
12671
11820
10855
12053
12466
13053
12595
12182
12499
11850
11563
12020
11677
12255
11753
13026
11508
10584
13144
10659
11761
10817
13219
13184
11263
12951
11254
11977
11793
11966
16127
13146
11972
11532
12299
10655
13295
13114
12008
14349
11720
12854
13887
11937
12408
12701
13374
12381
12244
12573
11660
13611
11118
16005
10559
11945
16198
11712
11653
11750
11602
11327
10595
13075
11407
12518
12429
12804
12853
12682
12148
13160
11543
11404
11695
12779
13203
14831
12614
16629
12870
12546
11365
11117
12379
13719
12349
11693
12019
13375
11420
11391
12611
11328
12248
11880
11088
12823
10832
12645
12262
12178
11677
12015
11536
12652
11351
11515
12340
11254
10999
12837
13363
12313
11874
11706
15671
11912
12570
12003
11520
11413
11163
11085
12803
13228
12626
11988
11823
12097
11044
13610
11395
11963
11240
12078
13608
11642
15771
11566
11501
12280
11641
11009
12941
11942
11531
11768
11494
10979
10586
11819
11982
11646
11277
11546
15301
11193
12540
11271
11408
11440
12469
18860
11198
11233
13737
11830
12835
12014
11455
11585
11212
14242
11103
11944
13072
12581
11933
14889
11862
12817
12082
12190
12782
14249
10860
11639
11314
10927
12467
14060
12505
12718
11979
11628
11026
11681
12283
18535
12800
12077
10867
13710
11511
12591
14799
11832
11814
10869
12670
12243
13384
12068
11845
10669
11688
13042
14218
10460
15383
11309
12320
13176
12419
11864
11517
12373
14516
12947
12454
11447
11675
11055
11504
12007
13400
14197
12211
12870
11733
12832
11936
13207
13064
12326
12660
13160
13390
12776
14245
13020
11310
10804
11967
12155
11819
11537
11706
11792
11336
11979
13040
12645
11753
11145
12113
10654
11814
12923
12780
12217
13535
14210
13315
13097
12740
15971
13466
12439
12039
13616
11448
12078
14240
12076
11889
12368
11102
11011
15297
11161
13043
11295
11607
10756
12720
12983
12102
12810
12542
11876
12098
11458
14114
11962
13960
14374
14012
12155
12772
12084
12662
14393
12032
12127
11500
12278
11883
13636
11641
11923
11174
17827
12696
12441
12881
11904
12588
11754
12036
13396
14171
11891
15862
11249
14591
12931
13404
13116
14962
13110
12158
11697
12035
12529
13225
13137
12663
13569
11297
11317
12739
10874
11936
11874
11327
12064
10709
11276
11543
12333
12054
12034
14097
12570
11391
10579
11754
12195
11381
14554
11019
10767
15259
12563
17070
14261
11666
12435
12564
11145
11308
12462
11520
16684
13027
12803
10884
11678
11732
11446
12555
11513
12274
11711
12144
11821
11636
12892
13728
11569
12014
10611
12349
12583
11419
13058
12288
11517
11222
11516
13027
14725
11935
12511
13511
12908
11095
10513
11941
11096
14783
12307
10841
11322
12795
11271
11107
13716
12063
12484
11497
12073
12007
12407
12869
11375
12746
11311
12310
11572
11411
14134
11004
10923
12243
12266
12069
11974
10836
15683
13681
13841
12309
13498
11607
11062
12475
11849
11823
12781
11638
13104
14872
12168
11536
14109
11811
13456
12237
11531
13341
11522
11252
12063
11873
12827
11147
16394
13249
14254
11166
11087
13233
15328
10360
14527
11312
12208
13560
13000
11779
12524
12397
10816
13164
12284
10991
11841
11085
11741
11973
11364
14045
12547
11588
11897
11366
14972
14901
13049
12329
13360
13196
11818
11397
12394
12112
19122
11714
16514
11988
14626
12350
10392
17430
13570
12384
15558
15336
12253
11705
11393
12848
13068
14224
10092
14975
14047
10720
12677
11420
12345
11505
12796
10981
12229
14648
13710
13542
15386
13278
11585
12461
11382
11808
11863
12517
10716
11569
12633
11858
12380
11405
11451
17272
12127
16139
13062
10754
12132
12178
12732
11620
13135
13718
13787
11380
11033
12995
12485
12590
11808
12265
10861
18140
13610
11851
11645
11805
12349
10920
13608
11955
11980
13392
12748
14736
12233
12009
14411
11796
11507
12008
12501
11765
12422
15295
15480
13648
11731
11095
11677
12735
12448
12270
11332
12272
12936
12280
11741
12707
12853
13109
17969
11889
13323
12720
11786
13764
12333
12393
12394
10868
11992
12684
11911
11947
12423
12859
16928
13055
16429
11818
11500
11868
12065
12704
19056
13354
13752
11583
11591
11085
11574
11811
14131
14221
11763
12463
12387
12459
12318
13788
10572
12479
12004
12226
13040
13230
11511
12034
12217
12116
11581
11450
12098
11197
11317
12376
13622
12179
11516
11088
14129
12093
12692
12092
12062
11628
11364
12283
11762
11091
11276
11743
11322
11275
14640
12568
11611
12034
11796
17145
13528
12338
11844
12370
11786
13677
11792
11394
14211
11978
12569
11726
11479
11253
11309
12214
13772
15955
15476
12545
12020
10924
11772
11989
11789
11472
10668
19396
12139
11983
13196
11634
14277
15784
14256
13000
12465
14927
11351
11986
14323
15686
11600
11233
11113
11767
13501
13272
11927
14538
11179
11730
12742
12299
11348
11708
12270
12770
12666
16459
14128
12307
13368
14067
12400
14513
13493
11964
11663
14442
14124
13173
12489
12296
11319
10974
11383
10809
11193
10839
12706
12573
13214
12315
11712
11333
13331
12826
12993
12119
12061
10895
12115
12874
12141
12793
12493
13922
14144
12011
12057
12901
11630
13093
13912
10944
11488
11390
12142
11971
13059
11917
12783
11399
12900
11621
12537
12059
11534
11816
11459
12396
12888
14592
11854
11896
12656
10814
12129
11346
10692
11672
11048
11957
12586
11206
12434
11808
13030
11306
11952
12237
13841
11964
12634
11386
11507
12636
12562
11216
11806
13229
11578
11706
11323
11014
17702
13219
12327
12435
12237
15074
12473
11578
14579
11240
10568
12346
12100
11948
15929
12785
12653
11808
11619
10458
11180
11903
12337
11650
11986
11424
12395
11943
12171
12425
12038
11275
14636
13207
11915
11472
12042
14189
12844
12604
11232
13075
12695
12954
11376
11419
12597
11215
11486
11591
11861
11261
12521
14112
11142
13501
14095
11826
12230
11075
11607
11478
12298
11069
12538
12154
15225
11515
11438
12618
11234
12031
11788
10709
10793
11716
10807
13294
12196
10934
10009
12948
11732
11621
11749
12842
12507
11398
11677
11970
12851
12303
11494
11613
11535
14341
12047
12081
12018
10483
12631
12878
12307
12531
11825
10473
12294
12649
16876
10730
12624
12581
12753
13014
11024
12135
11502
11378
12983
25876
11597
12883
13105
11709
13829
11147
10893
12002
11303
10830
11350
11923
13504
12327
12746
12051
14425
14463
12067
12059
11516
15178
11278
12262
12236
14851
12759
10818
11759
11423
13076
12351
13046
10876
11726
10927
12510
11803
11508
12374
11509
12745
11276
14713
13050
11656
12069
11472
11837
12510
13516
11810
11312
12694
11560
12411
10822
12674
12315
13393
12218
11242
11815
12132
10856
12405
13315
12252
11367
11808
11840
10746
11495
15031
11543
12005
14625
12364
13334
12096
14030
14950
12077
14755
12483
12552
11498
12229
12906
10847
11542
12822
11205
12280
11226
11908
14073
15076
11312
10761
11827
12117
12368
10977
12666
10969
13463
12149
10841
14072
11378
12923
13233
12359
10488
11322
11276
12289
12005
12547
12062
14226
11140
12717
12022
11844
10931
10886
14207
12862
11878
11512
10902
10901
12886
10703
11387
13525
11137
12359
11678
12938
11284
13720
11276
12469
11797
10581
10888
12470
13517
13130
12557
12110
12041
10896
10869
11344
16558
13835
12833
10871
10699
11632
13232
11840
11933
11411
11285
11332
14355
12176
10450
10812
11883
18562
10919
11846
12485
13373
11777
10462
13418
11104
12875
12000
11257
10964
16225
12504
11072
11699
13230
13901
10978
12002
11336
12220
13773
13799
11872
12197
13882
11976
15693
11722
11443
11192
11893
13039
13296
11365
12636
11774
12970
10152
12061
11271
13261
11554
11494
12373
11111
12980
12016
10987
11174
10920
11790
12775
11435
11853
12495
12426
10758
11298
12703
11241
10852
11665
11414
12407
11098
12386
11446
12533
12281
11326
11469
13645
10633
10405
12039
13026
12180
12147
10688
10737
10940
11113
11619
11664
11211
12996
10380
10883
12965
12572
12294
11035
11919
12189
11777
12837
12348
14176
12495
12200
12644
11037
10788
11100
11601
11745
12911
10705
12401
12082
12214
12415
12812
13223
13417
12495
12157
11820
13942
12103
12820
14320
14482
11687
11453
10714
12740
10938
10553
11649
11805
11172
13543
12173
13254
11847
11323
12408
12175
11589
14736
12633
15066
12392
10134
12685
11613
11720
11428
11606
11350
10481
12149
12595
12236
10838
12203
11015
12219
11861
13461
12565
10695
10891
11528
12183
13210
11080
11602
10921
12057
11747
14575
12247
13543
11492
11214
11346
12469
11317
11526
12577
12137
11219
11731
11433
10798
11822
11639
11553
12831
12545
10658
12742
10907
12560
11622
11664
12923
11596
11595
12421
12000
11914
11125
12584
11402
12821
13178
12232
13242
12239
11596
11283
13703
13485
14707
11632
12100
11598
13806
11333
10744
14012
11929
13033
10769
11470
12834
10943
11747
15353
12053
11670
11187
10871
11828
11788
10808
10496
13251
12209
12421
11467
11020
10401
10391
11742
11149
11466
11097
11085
12129
10544
11937
10881
11672
11090
11902
11855
13998
13470
11942
12433
12604
10813
11725
12678
12546
14055
12025
15385
12658
11835
13267
11649
11311
13110
11867
11018
12064
12459
14069
13129
12134
13064
11852
11598
12873
12811
12584
12933
10875
12792
12880
11901
11755
12596
11991
12259
11868
11983
11380
11780
15073
12886
10844
11729
11544
11425
10551
11801
11855
11720
13036
12327
12493
11015
10909
12355
14305
18084
11388
12167
11002
11771
11972
11745
10727
11463
13290
16226
11763
11880
12215
13889
11998
13319
10320
13771
11619
10781
13418
13904
11565
13043
15555
12467
10661
12222
11744
11399
12363
12361
13571
12010
12222
14112
10918
11630
13284
11133
11393
11357
11979
13006
10817
10719
12918
11748
11319
15304
10778
11237
11713
12263
12278
11814
11214
16049
11684
12420
13744
14309
11630
13035
14698
11450
11742
11984
12770
11743
13307
12091
11382
11570
12900
13165
11673
11013
14555
11902
11980
11983
12453
12226
12018
10225
11528
11995
13607
11912
13843
12653
11369
12903
11742
11945
13788
14015
10924
10727
13173
13030
13673
13674
11836
11852
13640
12030
11216
12991
10077
11906
14364
12047
12739
12169
12683
11787
12085
15190
11345
15373
11419
14722
12071
12089
12012
11601
11249
13570
12551
10996
10649
11380
12681
13759
14979
11835
11509
12304
11789
13124
12558
10202
16154
11239
13388
11137
11994
11202
11716
11848
10925
11509
15226
11139
10787
11390
12485
10759
11684
14002
12012
12229
13336
11013
11401
12408
12075
12194
12758
13366
14120
13569
12318
15446
14108
11691
16368
12053
11967
12199
13142
11385
12855
11753
10410
14086
10978
12620
12814
12069
11400
12142
12328
11755
11850
13628
16231
10834
12432
11627
11750
11261
12284
14598
12859
10999
11462
12861
10807
11610
12939
12161
12748
13728
12855
12606
11537
11283
11125
11508
11596
11543
11999
11600
11653
11676
11976
11020
11795
11881
12209
12605
11897
12215
11912
10737
10419
11134
12974
10322
14662
11603
13573
11379
12507
11810
11748
14990
14320
12261
11044
12184
11716
12022
12109
13103
11381
11317
14045
12078
12715
10909
11447
12847
12878
13909
10676
10566
12344
14176
10651
13965
11754
11969
11748
11922
12752
12598
11181
10660
12638
12329
14213
11804
11881
12628
12565
12579
11032
11306
13232
12206
11271
15229
12449
11475
12144
11277
12741
12307
11229
11083
12062
13981
16562
11785
11701
11917
10892
10820
11260
12629
11272
12159
14456
13432
11749
11462
11725
11205
12336
11560
13010
12273
11562
12434
10655
16892
12301
11186
11587
10747
14824
12233
12422
12030
12212
11012
10946
12061
11174
11495
13675
11834
15843
17310
11145
11654
12191
12128
11754
12644
13659
14761
12228
11509
11410
11347
11510
12027
12612
11786
12327
12331
11690
11515
13186
12109
12424
11353
13489
24574
11082
12612
10639
14298
12437
10764
11166
12283
12411
11483
13039
10966
11067
10628
12754
11824
10972
11893
12575
12292
12517
13572
11326
12097
11137
11869
12832
16103
11061
13000
12782
11917
11539
12231
12324
11605
11888
12674
13746
12200
10798
11018
12334
11889
11952
16009
13942
13053
10954
11271
11901
11197
12691
12238
13171
12269
11000
11685
11483
13055
11711
13122
12189
11327
12818
12976
11977
12782
12779
12872
15091
19704
11722
12456
13875
12329
13189
12172
11481
12173
10962
11302
12083
12203
11880
12559
12836
11997
11855
14636
12427
12528
12461
12794
12451
11016
12465
12755
13009
13044
11563
10999
10995
11002
11535
13055
12866
12702
13320
11179
10749
11736
12747
11053
10976
11273
11360
11523
12204
12771
11762
12754
11218
12144
11204
10718
12403
11525
11181
12171
11915
11123
11559
12082
11612
13420
13294
12185
11880
11984
13254
12774
12834
13061
11080
11191
12095
11409
13780
12304
13045
12847
13644
11514
10914
11266
12199
11304
11539
10922
15603
11382
11846
11428
11269
11562
14063
10717
11284
12477
11420
11817
11024
11667
12742
11338
12242
12715
11432
11332
11061
13399
11197
12337
14124
13056
12521
11414
12005
12048
11376
11474
13638
16272
13092
11496
13010
16535
14648
14680
10851
11446
12400
11535
11706
12628
12429
11891
12545
11091
11482
13359
12346
14180
11034
14013
12937
13435
11916
11864
11044
11274
12395
13330
10902
12204
11270
11639
12539
12933
11256
11339
11428
11760
10451
11028
13802
13646
11814
12297
11990
12248
13299
12099
14021
11957
11821
12651
12088
12624
11938
11840
14309
11558
10980
10938
11433
11379
11615
11786
11702
14172
14156
13198
12218
10680
13376
12754
11823
11826
12377
14783
14663
11154
11787
14148
12057
10627
14109
10870
11642
13754
11840
12913
13936
11229
11862
11332
14818
15934
14172
12917
14725
11551
10704
13706
12098
12000
13218
12378
13979
11024
12520
12439
11462
11162
11663
12184
13451
14112
11302
13921
12675
11643
10957
11331
12754
12207
11288
12243
12353
14494
12805
13001
11799
11951
13326
12999
14356
13519
13054
10649
12468
15758
11099
11294
10697
12805
13842
11825
11438
11712
10916
11396
11679
10889
12532
11946
11796
11685
11730
11223
12284
12339
13839
15132
11814
11955
12465
11651
14679
12411
14108
10913
14891
11426
10548
11486
13895
11592
11928
14408
11346
11155
12086
12219
13600
12650
12572
10864
17652
12802
10936
11557
13567
13868
10395
12190
10637
12054
12091
18364
12414
12315
12062
12399
14201
12015
11922
12223
11132
12385
12530
11991
11510
10772
11532
12349
12909
12569
12020
11547
12270
12873
12955
12540
11631
11329
12204
12427
12453
12226
11662
13110
11004
11106
12500
11932
12585
12176
12758
12826
11412
12544
12806
10579
12218
12881
11716
11114
11150
12557
11938
12015
12371
13389
22468
11873
13718
12037
12566
12008
11950
12505
11982
12701
12645
12885
12745
13541
13831
11511
11880
14460
13800
13315
12338
12720
10904
11579
11982
11747
10818
10963
11075
12442
12499
12651
11321
12737
12120
13081
11859
13998
10948
11264
15037
11168
12436
12066
14473
11318
12453
11589
11250
10887
12055
11981
13094
11679
13366
13273
14446
13453
12508
12592
12812
12103
12443
11480
11210
12407
12326
11814
10931
12508
11809
12535
12041
13581
12422
11396
11636
13154
11438
11485
11944
11908
12561
13553
14040
12891
11307
11984
10411
11361
13319
12266
11457
10932
12252
11759
12439
13158
11460
11923
12179
11144
12192
12490
14551
12252
11991
11672
11492
12105
10511
12756
10715
11011
11361
11433
12671
11223
11128
10514
10493
11367
11577
12145
11769
13272
14621
11916
12336
11754
12080
12374
13059
11992
10362
11807
11234
10667
13119
14093
10686
12131
11037
12449
12065
11679
11710
11521
12142
12462
11670
11727
14223
11614
11692
13134
12017
11430
13000
12418
12955
12158
15055
11730
11543
10582
11394
11034
13032
13787
14450
15782
11675
11796
13245
11221
12100
12361
18171
10459
10646
11863
11743
12531
12362
12056
12192
10739
11772
11752
11088
11621
12030
13225
16658
11888
11726
11951
12120
11487
11729
13453
11124
11414
11717
14302
11644
15093
13108
11831
10989
11867
13711
14110
14516
10633
11345
11843
13221
15139
11246
10762
11758
16375
13412
11445
12374
11519
11266
12698
11128
12080
11831
13348
11271
14825
11789
12442
17077
13495
11638
11238
11042
10799
12989
16432
12876
11752
12012
11913
12012
12276
14841
11884
12795
11025
11410
11749
11102
12303
12595
12905
11818
10722
11896
12514
12004
13527
10567
11879
13538
11410
11655
12625
11684
12630
11050
13900
12245
17108
12664
12002
13357
12114
13883
11615
12018
13156
11668
11176
13779
12521
11917
14398
10858
12943
13290
12188
11773
12022
14130
12333
11275
11872
12251
12162
11898
12588
13196
13580
13441
11288
11458
12856
13326
13283
11925
12260
12801
13874
11540
10763
13883
12684
13733
12465
12345
11757
12722
11563
12033
12993
12560
12138
11476
11500
11261
15759
12106
11573
12909
10670
13102
12910
11698
11477
11798
13295
11402
11260
10972
12490
10835
12711
11595
13189
11899
12783
11925
11592
12538
11956
12614
11330
12325
11575
12977
10968
14937
12266
12402
12271
10850
10745
12259
11095
12784
10979
11746
10800
12071
11854
12107
12701
13244
11541
12387
11699
14039
11519
11787
12853
11876
13297
12122
12195
12230
12419
14651
12084
12734
12592
12138
12602
13079
12866
12960
13461
13654
12839
12486
13482
11327
11139
10649
12328
13142
11451
11990
10567
10479
10722
10385
11280
11009
11063
11591
14655
11634
11544
11940
14735
15554
12159
11484
11743
14790
12761
11883
12730
11950
12473
12384
22510
25081
