9314.15
9709.39
5412.49
6094.60
5441.10
7813.52
6483.51
6451.79
5821.27
6201.79
6940.62
7332.39
5818.35
6919.47
5372.99
4605.33
8541.29
6916.69
6649.26
6925.20
6239.06
7774.28
7327.83
10916.09
6712.70
17311.87
6729.03
6669.40
7124.49
6253.24
6305.13
5547.33
7517.41
5411.71
14758.77
7732.91
11571.23
5885.97
6030.66
9342.69
7443.34
11968.20
6502.72
10441.33
8528.50
7148.42
6104.09
10644.94
8202.58
10785.43
9613.22
26957.31
13886.60
5463.48
5872.48
4680.72
4569.03
7766.93
8206.76
5816.89
8005.62
6645.85
6979.03
9452.96
14849.57
5160.32
8593.76
4882.54
11776.33
7212.24
8170.08
8514.92
6149.33
6043.68
14757.21
9551.48
6198.77
5525.18
8807.51
5075.16
8624.11
5355.13
12454.93
5156.41
6739.15
8649.14
6196.06
14259.27
5955.20
9129.19
5840.26
5320.91
4575.03
8037.59
5525.82
4377.04
4821.75
5455.44
14520.10
5916.16
6763.06
5091.67
5820.08
8342.84
10150.45
4807.77
6150.96
7038.13
6651.65
5215.01
5789.59
6303.18
5793.69
8924.14
7106.43
5926.03
6603.93
6751.29
6538.34
9121.48
9635.98
7332.58
5264.71
10557.76
10427.21
4975.69
6786.04
12870.78
7474.07
12000.08
5451.53
10225.56
5290.73
7468.78
6171.55
7059.30
20725.40
4166.15
5869.36
5012.55
5343.69
6897.82
7976.98
6950.30
21835.80
8809.47
34679.66
19587.00
10952.25
15839.59
11133.50
7649.37
5740.26
6109.99
18487.62
6118.44
5607.06
5907.75
17495.41
6106.38
6980.25
11294.30
7666.96
12122.71
6908.49
6797.24
9471.24
10657.78
11435.26
5669.49
5557.15
5752.38
10729.60
6122.99
6394.64
6218.73
8092.41
35040.72
7385.59
9120.59
17431.26
7831.22
6697.56
7007.34
8953.67
6795.10
5875.34
8988.16
16843.40
6106.83
6240.20
6388.27
12335.50
12050.43
5414.35
14040.22
6414.99
6600.43
21973.16
4856.84
6462.69
6290.62
8672.60
6210.19
8983.29
7297.48
10204.56
6912.37
11258.19
28764.96
7804.51
9069.29
6514.36
12636.63
5660.02
6373.06
15763.85
8417.70
7917.20
5835.34
5462.30
18887.29
9868.61
7425.26
7009.11
11850.41
6818.60
6023.28
20135.71
13978.70
20990.42
11581.85
7560.03
9838.28
17258.65
6014.60
6262.10
21615.32
17118.81
7030.26
6757.60
7110.30
6188.92
9789.45
7506.76
9752.57
7707.13
8392.18
11929.01
17802.09
18336.61
14999.80
9160.75
9960.57
11367.54
7239.66
5659.69
6158.43
8655.96
7460.86
8030.72
7877.98
4798.00
8115.08
9072.33
7353.60
8211.64
14045.65
6746.62
7324.65
6110.87
9132.20
8872.95
7486.96
13990.49
4833.69
5597.87
8904.51
9566.13
7371.06
5968.28
8374.54
9151.73
8950.79
19792.71
7742.09
5056.54
8856.39
13930.34
9385.16
6413.95
32556.35
5211.54
7192.99
10635.72
8340.72
7209.78
8518.35
13775.40
7856.38
12939.96
6588.96
7514.13
9455.99
12753.22
5531.13
6820.32
9122.10
6445.79
9514.81
8023.58
29153.73
8882.91
8832.86
6365.41
7815.45
6150.99
7908.99
8663.85
8231.45
8240.49
6535.46
5285.21
6616.68
6142.67
11328.09
7859.38
11048.70
6714.37
10958.99
7507.21
7908.08
14443.61
7865.92
14792.74
5365.51
7747.02
14584.19
8996.93
8720.55
8700.99
7789.29
7125.98
7595.47
8697.40
7017.57
8905.95
9824.99
12512.81
14968.17
17073.94
8851.32
8046.11
15156.75
8256.38
10466.79
8698.85
10802.29
8706.09
6931.27
6051.26
36033.83
10885.69
55020.76
6034.46
8020.50
4787.95
8177.16
9540.89
6226.66
8595.68
7215.49
13554.51
6407.33
7525.25
6257.38
9938.87
7890.97
14293.48
6038.70
9549.42
8363.89
22356.53
7215.00
13577.36
9569.87
13077.97
9061.39
7165.84
9010.06
6831.55
6813.93
9383.77
22385.33
8140.66
12488.41
8714.77
9138.23
7906.84
8996.26
6588.92
8892.27
9881.90
6249.05
6982.95
12426.68
8633.39
9483.71
9664.68
6146.17
5141.12
6414.72
11656.24
8796.61
7409.49
8748.51
10642.03
22362.96
7816.39
7412.78
6943.80
10058.80
6661.95
7164.31
5790.29
15992.18
16774.58
5834.90
11308.05
9202.44
13721.81
10434.31
15845.56
8016.93
7250.16
5705.13
9797.64
6740.39
9354.15
17678.94
12546.73
7257.17
10850.05
10942.96
8288.52
7880.87
11746.78
8809.64
10032.30
7919.97
12285.69
5937.73
8555.22
9729.34
7860.43
11867.17
5897.32
13728.80
7376.52
13454.14
5781.22
8212.36
6852.73
6766.99
7358.61
8501.72
7520.48
9249.34
15561.33
7278.38
8481.80
10012.72
7397.84
11972.13
6529.19
7757.20
7193.94
13946.04
7644.32
17221.54
7705.46
6435.21
7817.98
12630.39
6943.85
10456.74
8871.06
6852.65
5420.37
7179.39
5810.79
12408.91
7309.28
9782.12
25732.43
25471.49
7052.12
6325.82
6371.73
11396.41
13781.94
16593.94
8755.40
7230.65
6675.48
6496.79
7070.84
5937.06
7025.05
6737.21
6860.65
12821.49
6859.02
6537.56
8602.05
6039.42
6556.63
10084.51
5339.17
5905.74
6977.35
6710.08
9888.53
7915.18
8746.82
6409.38
12436.65
9309.20
6724.72
6597.72
8887.10
10244.76
16857.90
6103.70
8293.43
5947.85
6992.97
6215.65
7859.02
7986.30
7596.04
20424.94
11285.91
7979.28
18662.28
6471.11
9397.18
9671.37
5453.85
16231.78
7345.36
14688.49
11512.35
20740.70
11713.68
7129.21
7120.80
10327.99
13151.95
10420.95
10075.34
7039.90
8294.76
10462.15
8634.65
6028.26
10535.93
9624.34
9448.82
11330.90
7206.61
7304.22
6573.92
8834.57
20518.53
9610.81
9597.75
18101.92
7503.66
41482.11
5497.04
8938.17
7195.39
13527.31
6236.87
7615.45
10814.29
6688.08
8199.38
22394.76
10974.55
10966.29
7566.80
20336.90
6923.33
14588.03
8286.54
11003.34
20226.65
6467.73
5565.06
8402.10
9142.83
7597.39
6667.71
5300.04
19297.70
12785.53
5389.20
7795.06
12730.96
10309.66
8601.43
6932.44
16402.15
6639.74
6289.24
13499.18
7119.22
11361.08
10686.76
9271.73
19093.94
6303.22
15381.03
10498.78
7775.01
6351.96
24104.13
7303.24
7654.57
5553.95
17782.18
20448.39
31732.52
6450.63
6027.26
5493.04
5910.25
6425.68
7112.68
15326.22
7577.79
8883.98
6523.14
8559.03
11796.99
12985.26
10794.32
27001.98
7078.73
11666.99
7068.36
7692.79
6858.37
16307.70
7530.05
10282.59
7366.89
7327.21
7524.48
6279.05
10927.25
5642.38
5321.44
7119.99
7483.79
5993.72
14043.97
7119.41
8104.91
18299.70
7515.43
8317.48
23158.10
15792.51
8607.60
20405.47
6258.76
8312.82
7621.22
9149.10
24793.46
10614.24
6578.36
10811.61
9013.77
19492.10
23296.04
6836.49
8987.28
6033.05
8138.04
9821.77
6356.20
8226.97
8480.20
5861.08
8300.63
9432.84
10513.42
14492.62
8575.33
7316.55
6782.80
8216.18
5848.97
9860.73
11957.30
11469.36
20596.72
11363.45
9390.69
9326.83
7154.30
9328.38
5969.79
6229.23
22971.21
6903.60
12540.14
9476.65
13476.08
11069.62
13232.09
9313.32
5732.17
11669.83
7238.05
6503.50
40007.53
12726.94
22247.00
8131.30
7948.99
6640.56
12654.10
14200.34
8071.94
13417.87
12825.26
5761.60
10930.42
7043.77
6331.89
7408.96
5799.56
8906.66
6266.81
8731.33
6278.41
7182.86
7966.31
12111.77
10782.79
8871.69
5898.82
6517.55
6752.06
6383.56
7567.37
6544.65
6055.41
7677.11
7845.27
7654.26
8476.16
4925.60
7654.25
5557.66
6437.01
8816.09
6581.77
6751.15
11418.92
5680.80
9187.48
14391.00
11735.89
6740.54
8085.71
8020.64
18356.31
12944.95
7327.42
11061.01
10631.78
12302.82
9009.34
7684.90
15257.01
7402.84
8104.22
8192.10
9371.06
14401.36
5566.10
18989.79
9671.82
8956.87
5658.29
10925.18
6318.55
5439.25
6919.32
34561.12
12788.15
6663.95
6628.80
7494.78
13349.46
8256.33
6904.79
8082.87
7028.80
11644.08
19764.24
7915.35
14407.60
10267.36
8145.01
8843.25
18208.72
6492.77
10313.54
6103.41
15977.23
7294.52
7621.07
6973.77
7653.03
7494.75
15697.73
13821.89
7019.01
5851.95
5533.16
10750.63
8464.98
11158.57
6916.21
8865.13
7877.11
10935.35
6601.40
7880.33
6887.42
6862.75
6525.07
7874.88
25633.57
17421.23
8358.96
7595.11
8524.51
6785.96
6361.03
5990.13
7798.28
7269.17
10912.90
8333.89
5576.84
7933.36
8288.72
5775.22
8247.12
21620.62
10189.30
11057.71
6669.68
6695.30
5580.85
7493.29
12781.05
9039.83
5963.62
5495.29
9982.76
5637.67
8060.33
6953.58
7199.66
22935.97
11177.68
5133.73
10519.64
16578.33
8526.06
6782.73
7505.32
10196.18
12427.96
12382.50
10906.00
6243.09
7693.32
11192.65
13065.75
18446.20
8144.63
7209.70
6358.27
15945.71
5657.88
9567.27
34924.01
12355.10
19861.53
14698.04
7907.85
7951.75
7897.36
6744.66
5832.52
8270.18
16746.42
8195.35
9725.40
13981.93
5546.28
11897.31
9423.86
6909.41
6525.18
5815.29
9254.23
12051.56
6990.94
11343.66
10691.15
8747.80
10310.67
7381.91
8386.38
7509.95
5709.19
7162.51
8367.30
13155.43
6896.22
18971.02
6821.25
7038.14
9980.70
14992.09
22856.92
8217.96
11220.08
6237.92
8554.66
6125.79
9198.89
9065.30
6255.14
8406.78
6067.67
6996.25
9050.10
9095.17
9856.26
10457.91
7193.13
9580.17
17794.95
10910.06
7130.80
5404.33
5756.04
8407.74
6550.23
8328.30
6483.71
6028.69
8157.39
7735.56
7064.33
10191.53
5563.67
6391.41
10929.93
8777.85
7845.85
6176.54
6491.59
7387.97
6643.14
7734.81
10887.74
11964.86
6152.34
23949.89
5934.36
8167.44
10720.32
8864.77
5505.32
10690.32
13438.37
10294.81
8329.80
7447.85
8219.70
6648.04
35330.10
13707.78
27601.81
6685.34
8040.12
5866.95
13652.31
9460.87
5610.07
9265.60
7960.65
6517.94
6419.95
6909.55
8642.76
8844.18
7154.71
6266.79
15951.44
11653.68
8052.08
8643.07
11470.27
6230.66
6136.46
8255.36
8146.05
6974.33
6876.62
7027.25
7454.32
12407.86
11111.86
19164.96
6233.10
6407.11
9478.75
10124.19
34915.40
14334.43
29353.14
7366.00
6962.91
13993.51
7678.08
6755.22
8115.82
7451.22
7534.28
10681.50
6742.45
8053.34
10096.46
7506.61
7614.87
7606.60
12922.23
9407.69
14571.38
9297.04
11284.49
6807.57
8303.48
7886.91
6201.01
10125.95
9123.85
8001.80
9428.99
6953.75
7218.27
6131.65
7897.89
21728.16
7720.88
6296.94
8567.55
12332.75
5887.62
6726.39
7136.76
6662.22
9183.87
7655.90
7424.41
8499.21
6515.73
11684.58
7287.21
8284.30
7055.92
6070.72
14090.43
13803.22
6263.31
6355.08
6843.74
7813.44
8082.70
8854.16
6876.46
13802.54
8679.63
13381.91
17311.46
6342.96
7271.39
6614.84
8706.01
17920.34
7245.09
8803.41
8845.59
6428.56
8379.77
7042.93
15896.36
11294.86
9065.32
5751.77
6703.84
6595.61
23441.97
8352.67
6303.68
10565.56
5331.52
7633.05
8012.42
9695.85
13766.31
11986.38
9039.16
6760.49
6800.10
15498.05
6890.47
8171.62
8811.37
5951.34
6660.44
11722.48
11553.38
7283.04
12942.22
8180.38
8912.99
10874.67
17004.30
7391.23
8051.87
7948.11
9343.27
13710.44
14537.87
9240.09
12545.00
18786.56
5923.18
5566.17
13136.65
7335.49
9899.16
9532.65
8045.01
7701.61
6625.93
13426.55
6219.87
9565.47
11438.05
7194.06
12987.90
7696.97
11897.33
12466.25
5890.82
10522.07
10419.08
16191.68
17056.06
10100.80
10139.42
7904.63
8377.17
10561.43
12080.27
9261.20
6305.12
13557.73
8523.48
6608.74
8372.07
12718.91
12423.53
9088.24
8736.50
19674.52
6685.72
7759.13
10947.98
6167.67
14303.20
10431.60
25126.19
6228.40
11847.53
11910.01
6477.43
11289.59
11042.60
8039.15
8034.82
8592.39
10478.74
9787.77
10383.86
13074.35
8115.39
19890.05
17159.16
6676.00
14736.52
12520.41
13117.57
8931.20
9282.80
10089.79
11221.94
5902.49
14021.42
6936.57
10754.66
6215.05
7288.84
8103.25
5972.82
7846.45
8507.94
6494.25
14361.58
9926.66
9414.15
6616.76
7149.75
9174.91
6893.06
10964.12
9052.35
6416.67
8712.07
10353.48
6866.74
20861.08
7617.18
8071.94
71217.86
6441.44
9815.96
7388.24
6634.59
19138.66
10696.91
11861.58
7309.63
8327.24
10142.25
11415.17
24784.83
6268.13
15118.54
16249.39
10141.20
17634.00
7059.40
15598.59
9233.26
9369.37
6953.69
13229.11
6954.57
8469.19
12594.87
6352.18
6379.11
6787.15
16164.25
9375.73
12436.18
9431.32
27062.18
7744.18
8567.07
6674.55
7231.60
6839.53
6239.19
6838.44
8245.09
9754.29
37995.94
12480.18
8957.09
8755.45
13667.12
14245.71
10663.10
7884.35
12196.10
9597.11
7019.51
13049.45
8112.29
14267.08
8584.96
8372.20
5729.77
21203.74
10736.91
6254.58
8819.61
8362.95
10490.08
6129.19
7367.43
6793.54
5111.48
8392.86
11998.54
8463.24
14197.60
16287.38
17734.52
6897.80
5118.68
6463.51
11815.70
9295.83
9035.24
9282.08
8807.93
17627.93
7232.84
10338.34
8101.75
14482.04
10713.92
7920.58
9779.21
8348.14
7065.42
7194.96
9583.60
8591.17
9930.32
10122.31
6065.87
7749.60
9811.52
11637.38
6161.28
6697.54
7462.81
11136.65
8393.67
8099.62
6006.01
21996.04
8085.40
13696.33
14976.94
9243.88
11825.80
9255.30
9136.65
8416.01
15969.66
8886.91
11285.48
7720.04
15493.10
7198.47
16199.71
9346.93
8215.72
32763.88
7660.90
11959.04
34344.17
8131.39
9718.02
9103.21
7290.06
7914.84
10926.78
9901.71
7231.57
10623.83
6670.03
8045.10
6153.79
8953.58
12440.39
11312.88
8371.11
12577.31
10281.12
9293.33
8981.58
17187.61
11705.78
9500.16
6983.03
21337.93
13965.49
15916.61
7612.59
26172.72
9017.05
6403.31
12817.14
7342.47
7877.66
5334.45
8809.55
14910.48
8717.00
12856.58
10906.35
6517.70
13595.24
7911.21
12695.41
13845.03
6871.24
8919.04
8305.98
8282.34
8369.69
23048.24
7794.63
8359.81
11644.17
7258.13
9863.26
8236.83
6747.41
21891.38
6797.25
7845.92
9941.15
8986.93
11395.15
9518.36
9905.62
8446.80
10023.48
7693.44
12938.15
7168.05
19823.68
6823.42
7723.60
14455.45
5871.07
7082.68
11962.75
6434.27
7252.50
11545.70
13328.47
9895.64
10262.55
13047.83
8457.40
8117.75
9480.60
10813.19
18981.24
18255.36
5814.87
12121.54
5242.35
6501.82
17716.94
9567.32
17003.82
10819.11
9566.60
11559.74
14388.77
7790.23
14391.67
14932.48
10147.59
12401.36
6325.62
9487.54
11947.85
5804.39
26641.20
6502.56
6344.49
8227.95
32109.01
7221.43
11071.10
8882.71
6197.21
5558.97
5810.30
15748.04
7130.35
14634.53
8943.24
15790.53
12303.35
13817.00
7266.86
10460.15
7013.52
6088.84
9350.67
7182.21
19929.62
12310.79
10094.40
38756.00
9635.43
8059.59
9190.70
6329.79
14549.99
11271.18
6519.65
9907.86
21949.54
7209.71
7646.82
13759.12
8004.91
7296.06
10459.36
6801.52
8906.23
9214.60
11637.97
9026.32
6786.56
9373.19
7527.14
9928.64
8826.16
7156.70
7672.30
14939.32
7915.96
9008.91
7102.50
14292.33
9080.05
9807.00
12881.37
21920.81
7021.05
8268.75
6907.66
9325.60
8985.66
7938.14
7463.05
10311.53
9322.17
8752.92
15768.87
10797.26
7492.66
5308.22
6727.10
20754.59
5789.55
10431.02
8202.45
13366.58
7552.15
32654.34
5469.60
11802.21
7638.42
8332.55
10292.50
5870.97
22740.70
7996.76
8495.47
6984.92
7337.46
6143.57
6602.17
7215.04
8491.02
12043.79
6859.70
15109.24
16330.85
13493.58
6220.69
7873.33
7501.93
12233.36
31447.90
9844.00
7704.67
20287.55
6832.57
7809.21
8651.85
6447.58
7535.48
5725.37
9611.80
17463.16
7909.13
13732.24
12424.22
7379.64
19512.73
6502.65
7187.17
15933.18
7074.57
11026.72
20181.24
6828.48
7345.38
7323.42
6126.44
7804.71
8186.14
19657.40
10127.63
12753.39
6847.61
7447.01
6611.13
8666.93
35494.41
8452.53
9156.46
7903.89
10013.14
7346.40
11180.13
24516.75
7692.25
9822.78
6946.61
9049.74
6622.83
16940.41
7898.55
8264.50
6929.62
6967.72
11825.59
12371.85
7354.70
30176.94
15410.56
10840.57
9709.53
12628.21
8106.44
9436.25
13309.99
15113.98
12319.30
17341.40
9091.52
6869.97
10748.02
6830.08
10418.66
15112.79
13796.76
8524.38
12822.87
8561.88
11535.71
10526.38
12909.19
9986.20
9905.16
10195.86
6996.44
11079.16
13349.67
14380.52
11367.28
10314.45
9815.92
8539.50
7455.27
7604.75
9150.24
7132.59
11382.04
5959.52
6647.72
9726.60
12739.09
6782.46
8487.00
8553.04
7389.49
7289.85
7537.45
15024.25
12317.25
10323.09
12944.86
11448.75
8365.46
9082.11
25805.46
10443.72
7931.08
8137.45
13143.92
7205.74
8494.78
7875.75
9758.83
9020.63
7741.17
7485.40
6593.66
16000.29
6404.33
11793.07
6263.26
7501.00
9037.93
6791.18
12339.60
12226.59
10301.47
7213.58
7288.36
8276.52
10481.12
14471.29
8283.77
11788.88
19947.98
10336.75
10848.97
7393.24
11694.05
11798.14
16350.67
9622.22
9927.39
5653.55
7765.49
6017.84
15338.65
4965.99
13142.98
9376.41
32140.47
9914.15
9118.10
10490.72
8129.41
8525.20
6024.30
12117.06
16309.20
15203.86
7270.31
24382.33
8593.09
15607.13
9102.71
15476.35
12357.63
21432.40
12491.25
7065.38
7543.20
8504.12
13906.03
13840.38
7901.19
8628.67
11251.93
6640.51
7964.88
8037.08
5211.73
7727.55
12403.54
8058.75
8779.83
5799.72
9845.92
7410.13
6562.12
11121.71
9467.55
18274.90
7947.00
6773.20
7044.64
7324.87
7983.57
8685.48
24582.93
6093.47
6098.92
25602.42
10105.20
23249.81
14570.36
8111.90
7503.89
8220.51
5699.40
7472.18
8175.51
6286.67
27754.94
11734.49
8945.25
7337.63
5389.76
9229.43
9773.10
11450.01
6934.64
8899.31
8342.60
8260.78
8896.74
6532.94
9797.02
13093.89
8567.95
8611.32
5594.35
8828.33
10376.83
6611.83
19102.40
8748.95
8594.40
7478.25
6754.72
14612.00
20251.01
8110.59
10423.07
14062.17
17786.22
8172.69
5421.55
7361.69
5830.08
19175.82
10594.53
6367.01
7867.31
13573.21
6960.86
7492.78
14000.13
7380.47
9777.98
7886.32
6688.31
7723.45
11976.86
13975.28
9115.46
10252.69
6745.08
6132.45
6724.02
6231.61
16406.36
10271.56
9053.48
7935.05
10511.79
11513.76
9017.75
6308.23
21796.26
11422.61
9962.95
14039.80
11556.64
6754.81
6621.90
7274.79
7414.01
9697.74
7472.85
11950.64
10047.92
22427.34
9392.67
8084.02
12227.28
13115.60
17416.80
7736.83
8937.45
7463.97
5738.82
6671.87
9017.50
6377.64
10063.18
14831.78
41515.89
13984.26
14689.59
8870.04
9222.04
16440.61
12849.10
15959.77
22472.11
8969.56
10325.33
6147.96
22787.93
10673.20
9454.77
7336.34
13596.94
9862.47
10404.56
7986.80
6636.07
9430.59
7891.49
8429.44
7785.40
5674.46
19238.23
7456.93
10156.00
8347.03
10541.69
21344.39
12576.20
7532.31
8406.87
7226.56
12653.24
6858.58
6713.45
10709.42
7492.70
33657.10
31911.45
6701.89
26360.84
15399.31
7258.53
26248.21
14080.58
8927.94
17221.37
14839.87
24628.63
4772.32
8555.49
10980.95
8151.33
8773.76
15734.67
7717.95
18983.48
8288.06
6598.88
13262.85
8540.76
7269.34
8759.50
10740.95
7295.29
17417.18
17518.89
13015.26
21268.69
13203.49
7058.19
6619.02
7832.31
6691.75
7805.29
12026.48
6349.98
5490.12
9889.90
8193.94
11628.37
11861.72
6789.43
10184.58
20025.61
8643.31
26447.57
10206.39
7016.39
8413.70
8001.95
10440.51
7701.21
9130.09
12389.76
8775.54
5481.43
9142.88
11799.00
10680.35
6455.45
6011.83
10215.02
9459.25
26642.17
14265.15
6211.08
8710.45
6540.00
11200.08
7144.03
12043.46
9647.40
14409.78
9023.96
12088.49
14602.86
7401.26
6310.65
18804.09
5343.92
6807.61
8218.13
9889.59
8370.65
25869.27
7549.84
26593.27
14416.37
7877.60
6750.95
8424.05
10066.47
11248.16
8759.50
6488.96
14650.49
6770.82
7313.73
7536.18
10464.76
13939.07
13076.90
49219.02
9046.16
18531.71
9450.43
8480.72
13317.36
10744.64
9862.16
10446.65
7357.18
8066.00
11579.76
5912.45
8883.68
11925.59
11325.52
22597.18
11677.86
20107.92
8097.54
8351.43
7108.27
7212.06
14742.98
39672.46
13355.79
9798.05
8089.71
8548.38
7814.91
6783.32
11327.55
8442.10
18014.76
7450.10
10002.16
8638.35
9030.86
8157.38
12919.59
6012.97
10951.90
7177.01
9148.45
13276.97
12087.91
8602.42
7570.34
8085.28
10472.81
5315.23
7296.58
7461.69
5635.11
5764.77
7582.79
19629.33
10497.44
7819.31
6188.63
17699.40
7625.97
10137.13
8588.84
6604.72
7690.29
7222.72
8654.37
8914.55
5043.62
7749.08
7541.12
6397.90
6922.72
18460.63
17041.67
6454.00
8788.31
7501.37
26895.51
9537.55
7658.30
6200.91
6604.66
10128.14
12546.58
6072.28
7271.70
16579.83
8452.48
10806.35
11060.04
5556.39
4873.89
6702.62
7580.20
22170.65
18695.64
21403.31
10807.63
6263.47
6714.51
6810.10
12217.62
6926.25
6059.58
5887.62
29286.12
7373.35
6828.78
13581.42
7902.20
18719.20
33854.93
21028.00
12001.81
11240.19
15122.49
7186.05
13591.18
25028.69
24985.26
7682.15
6377.18
7026.75
7286.88
8684.67
6633.31
7690.19
18030.20
6828.28
8597.85
15152.70
5874.97
5609.71
7733.98
8647.19
9181.54
10666.04
7773.16
11427.20
7668.81
10945.56
11234.01
7694.62
15196.86
10596.20
8954.36
6974.47
17403.08
13279.87
12273.56
8961.41
10304.66
6307.64
5729.80
5879.35
6617.86
5493.91
5554.90
14802.29
10031.96
11791.68
6866.72
7347.18
5586.46
17051.94
11635.96
9514.53
9050.83
7322.91
5274.79
8329.72
9121.80
6943.19
12909.68
10558.47
10537.65
13277.79
8252.36
7235.78
8353.02
7068.80
15102.79
14144.61
5758.51
6625.69
7519.19
8317.28
7689.02
13603.26
9107.91
10999.00
7245.85
11342.95
6597.71
9901.81
7443.50
8103.07
9354.74
5628.43
11284.96
10312.60
15768.69
6850.05
6389.49
7630.85
6239.28
8629.51
6806.03
8230.96
7762.18
7610.17
8087.44
11660.79
6363.96
9390.31
7114.70
14439.51
7122.31
8690.12
9745.34
18256.79
7714.78
12658.53
8700.69
7621.00
12807.12
7921.83
6646.71
7646.96
10584.32
6064.45
9956.38
6167.09
6481.40
34172.49
14451.73
6226.85
9033.86
9135.14
28810.01
12559.73
8843.00
26403.53
8528.48
5970.67
8427.92
8696.62
8486.38
21766.61
10084.11
8022.49
7234.35
9524.84
7258.23
6963.08
10897.73
13078.03
7628.82
8757.71
7226.98
10786.08
9676.22
7551.54
10128.26
12765.47
6182.28
19033.34
7150.16
7909.10
7160.76
15451.08
10826.15
7610.94
9554.17
6725.38
14635.35
12736.82
10517.16
6114.39
8286.44
9445.86
7546.71
9402.75
8264.76
8298.67
10651.94
10248.85
16732.48
8816.49
20565.28
18117.97
9584.63
10053.99
7956.95
8613.87
7430.03
15616.30
7985.14
16012.71
7572.08
21763.04
8195.98
10070.06
14461.75
8684.11
8556.45
11789.14
6674.24
7706.38
12393.48
8773.34
14527.75
6266.44
7452.31
7851.95
12128.22
7288.00
6590.54
7024.68
11673.07
12596.68
6995.91
9039.10
7205.29
12499.00
11825.31
7823.23
9366.19
7959.11
15338.72
9154.16
8969.25
9567.63
7628.50
11653.80
10828.72
13237.37
6781.35
10164.66
7064.60
8246.71
10898.39
31064.82
6906.48
10473.52
8719.97
8860.81
10794.37
8049.08
8400.99
5363.37
8513.04
12168.40
79905.02
8432.11
14090.76
13679.67
7503.79
15540.24
6596.64
7569.95
10312.40
7537.67
6043.58
6935.18
7814.85
19757.24
8327.22
10782.41
12655.12
16888.03
19106.95
8089.61
8244.42
6163.68
26223.84
5848.76
7426.07
7882.91
29116.18
8108.05
6863.16
8477.98
6022.80
21504.71
13177.39
10327.58
5525.75
8408.46
6257.95
10183.24
9118.87
8740.33
9605.14
6947.10
10084.87
6689.19
22935.50
12058.32
7877.18
6041.02
8547.37
9923.91
9376.32
24748.50
8156.68
9533.57
8507.96
7367.07
12365.68
6935.36
13974.54
7948.69
11675.51
10169.62
7859.55
6948.40
9028.15
6344.38
11588.50
11348.22
9769.49
9544.99
8564.16
13400.32
6442.67
7501.73
18575.14
7868.64
6438.30
24845.72
9046.95
13665.71
7229.33
14326.98
23893.85
7277.38
18665.74
9880.65
9083.02
9340.46
8366.02
11646.17
7248.83
12211.85
7839.88
7101.43
9479.18
7176.47
8867.33
13480.45
19021.62
6174.56
6761.51
9037.07
5871.59
8333.36
6182.55
10599.00
7709.89
11967.40
5191.20
6673.69
19328.44
8152.69
21309.12
14124.19
11821.73
5748.61
8501.89
8444.31
10018.31
8862.29
8775.36
15031.45
9351.64
8132.21
9822.05
9572.78
7599.91
7392.87
9008.09
24426.51
6935.39
7963.45
11706.42
7188.96
8440.61
11689.65
7667.46
14240.29
11802.66
7912.19
8822.94
15553.48
9260.13
6562.19
18348.47
12588.89
7993.52
5828.30
6810.55
6150.20
25868.17
5684.57
14704.45
11701.38
8204.94
10351.04
7429.26
7373.88
9761.64
42403.92
11131.15
20581.38
6217.34
6346.70
7606.32
13766.58
7140.26
8365.82
7828.51
5861.43
6727.09
16414.70
9968.78
6470.82
6159.70
12842.69
28047.16
9327.34
5891.03
13314.49
21698.58
7958.42
7858.41
15697.06
7667.48
20373.42
7317.49
7087.54
6295.59
31619.19
6929.91
7331.09
8007.11
16456.35
16211.88
8230.55
9539.35
5846.34
9708.63
13118.17
10952.76
7349.68
8434.94
17705.99
8650.18
21920.85
6693.77
5600.85
11037.00
6242.06
12338.34
15346.21
7526.47
15756.79
9823.45
23799.11
12107.19
7993.21
7630.28
9971.81
6001.25
8830.00
8827.75
8800.53
14916.95
8503.37
6154.29
9707.25
7551.85
9414.47
14540.84
5887.60
8892.96
10319.40
8782.51
7663.75
9442.66
11440.67
6437.47
15327.15
9191.55
6885.48
8437.16
7204.09
8476.19
9607.33
10175.02
8214.50
8450.41
9002.77
19925.84
6608.37
8823.63
11456.04
10935.89
11111.48
8525.00
4951.45
6436.42
7579.29
13409.47
8849.09
6363.29
17460.23
8426.08
6276.22
6964.78
16037.39
12081.41
8449.95
10740.24
11743.76
8037.07
12840.63
8656.23
8320.85
18882.02
11074.75
15807.41
5604.05
6272.55
5298.88
6022.21
9029.85
6180.26
11938.08
9295.71
11573.07
6982.18
9801.31
13755.86
9034.01
11900.74
10484.32
11002.82
7389.02
13671.46
8824.88
9417.04
18415.46
7709.15
18773.51
9811.16
8263.01
6679.19
11518.72
6862.69
8326.86
9102.50
8194.41
9524.16
8560.53
6994.69
13056.78
6438.68
7269.82
13788.12
7755.85
10270.56
21183.55
16899.12
11639.26
6610.86
7572.41
19946.40
6105.78
7887.07
6109.64
7273.33
9103.30
9390.43
6573.49
18370.58
9256.82
7950.72
8639.78
6969.34
11302.22
13210.25
10823.71
8725.46
6794.47
7706.10
9176.19
17986.56
8573.80
8235.31
6349.92
10108.01
7636.10
26707.71
10799.53
14368.39
6769.61
8493.58
7893.72
9740.26
7725.87
10113.31
9779.97
21152.41
7673.68
6433.10
9033.62
6168.26
8727.85
8477.29
8089.66
9431.26
15909.50
7450.22
8012.89
5726.26
20191.02
6790.72
9640.75
15256.56
9081.83
8031.10
16868.67
9494.55
7100.98
8522.60
9688.63
6374.39
11762.44
17130.57
10707.09
15870.99
10798.10
6477.42
6869.08
19938.93
15731.41
21032.50
7571.54
7862.74
6851.24
17178.87
10124.21
7008.60
9594.82
8597.95
10087.25
8071.42
6932.56
16319.45
7600.43
9700.35
23194.60
11550.81
6326.10
6856.17
8647.01
11926.18
7744.73
6922.97
7227.79
21734.67
15143.58
10782.68
8122.31
5753.21
6529.50
5707.00
9698.31
6668.42
8772.47
8086.82
6960.02
10032.19
8602.45
9362.75
6587.16
7829.02
9804.47
9911.31
6614.85
11570.01
12955.85
10924.60
10786.07
9962.92
7164.85
8105.81
14061.09
9376.13
18497.61
10015.89
24744.05
7454.37
7102.37
12112.62
7817.02
7207.13
9901.46
9484.58
6927.94
7868.59
8012.67
20610.50
12021.81
8111.88
13965.24
6861.79
9028.77
9764.78
12061.54
14128.53
10023.31
8886.34
8255.32
10237.77
10499.33
9886.38
8805.58
12512.00
8718.59
7816.19
7677.06
7621.61
9124.68
12139.97
17331.65
6681.04
6018.04
8712.55
7679.56
5995.74
11739.79
6815.74
12237.59
8440.05
10875.54
9446.25
5504.88
6043.40
7044.05
17886.84
65467.88
8749.07
10290.06
6885.96
7747.91
6604.42
11196.64
8833.25
7607.71
10028.98
13362.36
25022.86
11517.60
13409.70
9505.83
19986.53
20395.99
5821.71
11071.51
10521.99
7869.03
8683.38
13938.64
12551.65
10364.34
15258.96
23362.66
6378.13
6592.96
10536.83
11629.12
9570.11
8990.93
10046.97
12184.92
13823.27
11251.70
10548.71
10380.76
8350.54
10116.43
6858.57
6579.90
7015.36
9273.46
15264.18
5537.15
11322.39
8511.47
6778.73
12392.59
26830.78
8580.09
12191.93
10607.29
8473.44
12015.48
7368.47
9306.05
32737.05
9032.63
18971.57
22651.88
10488.97
15469.90
18906.59
11897.26
8078.72
7081.75
15318.79
8143.45
6637.42
17496.66
16736.18
7050.42
8413.08
9786.54
14474.42
7897.16
6643.12
14859.24
8290.85
6064.41
7270.27
8906.55
8171.17
6325.15
6686.02
9652.06
8630.94
21999.71
14058.76
8167.71
11494.14
10604.17
17779.74
5460.65
18671.39
11864.46
23612.34
7209.32
16636.34
7723.21
17699.17
29349.27
17713.26
8328.41
19965.93
6308.44
6833.83
8980.20
12493.74
6033.83
14343.49
7824.33
7289.25
7326.61
11749.22
11285.62
9853.10
18077.97
11780.12
14179.91
12067.45
9119.65
19974.00
11568.84
8600.91
10644.27
9233.27
10281.19
14576.54
13633.37
6405.30
7603.68
6212.31
9316.51
11920.58
22641.23
8559.52
6816.30
10847.34
8240.57
13049.76
9910.68
7347.17
24742.67
8724.61
13376.97
8655.72
6934.05
6981.13
8230.96
12667.06
5815.65
6435.70
19373.92
7089.21
8149.97
11454.60
12393.74
8400.44
6879.46
11990.47
8406.80
11592.75
18091.98
7712.74
6249.50
10512.03
8153.67
8863.98
7622.33
9078.85
16686.64
10354.35
11350.42
23225.42
15886.39
6772.86
25517.85
10315.71
7590.34
8682.45
14119.75
7535.90
10375.02
7315.69
5442.55
18348.40
6550.44
12028.17
10164.08
8391.44
7405.78
9387.32
11417.71
7189.26
6836.27
12429.79
19136.35
7654.85
8644.34
8396.72
6147.08
5593.19
8449.28
18967.11
10394.29
6129.82
7278.72
13277.49
6725.38
8184.97
8517.58
14276.71
8430.70
17011.92
9412.82
10798.22
8579.46
5975.95
5788.23
6198.04
5656.69
7834.32
8007.29
7407.10
7138.53
8845.77
7033.70
7437.25
8044.43
9538.40
8671.37
11242.87
7980.22
9846.68
5765.44
9011.80
5424.82
7618.94
13651.57
12018.66
12919.81
10618.01
15524.55
5572.88
7787.44
8905.40
6296.65
18956.64
19511.68
12075.44
9356.41
11460.54
7676.80
11846.73
8897.83
18576.39
6830.03
7436.25
19086.10
7289.58
14118.36
6247.39
5964.40
15486.01
17252.80
19515.72
7387.30
9040.48
8359.63
13611.91
12164.15
15049.39
6095.73
9302.58
7522.15
7200.01
12271.88
8573.35
7953.63
6315.64
12163.47
12488.33
15644.81
7310.86
7417.01
8387.62
11534.91
15722.62
6527.28
8056.94
7209.40
9294.50
6299.30
20513.41
11398.93
9054.86
7786.66
7161.73
14347.20
8185.78
6904.10
7316.40
7922.44
16937.68
24111.56
7847.03
6399.58
10219.50
6120.86
7151.16
7735.44
9876.90
7326.71
9611.81
23559.85
20872.34
9810.14
7804.96
6784.93
6845.38
10022.64
7651.03
12859.50
9388.86
9444.98
10711.37
8164.38
26954.71
8636.55
6953.54
8685.47
16961.48
9953.95
7131.32
9772.24
13849.88
8364.68
6366.40
7362.44
8676.83
8171.62
7318.00
8575.85
8988.01
30203.77
13636.81
5552.53
8257.50
9829.85
8460.19
9703.58
26583.49
14077.48
9242.83
9659.19
6601.33
8285.16
5139.53
6639.12
8470.21
11273.20
6678.29
9563.02
15714.68
8026.00
14595.19
8706.64
6363.55
12120.77
7338.91
13433.59
83999.18
5291.98
12835.22
5768.49
18905.24
7219.05
10839.81
6341.97
9195.26
7852.74
8921.14
6331.43
5599.55
9266.28
6385.22
8856.50
6789.70
10889.72
6292.14
8418.71
8230.18
11576.61
7455.54
6678.16
7914.29
6304.15
11143.13
14898.20
8527.65
6631.48
11581.15
6459.46
5827.67
9653.19
6858.91
12468.88
8072.45
8611.15
10709.01
13930.57
5861.74
5199.47
11748.60
8892.84
6418.57
24228.21
13912.24
23875.34
10791.25
5086.51
6086.30
7550.31
18012.46
10616.92
8036.05
19554.64
7503.98
6347.40
7844.53
11821.91
9926.44
6556.43
19186.64
8329.57
6760.13
19227.07
14544.54
9164.10
9688.82
11442.34
10856.22
18156.73
45866.48
7608.84
16769.88
8044.86
12827.40
6223.70
10446.91
10382.13
5750.14
8896.76
8179.99
7609.10
7649.07
8677.78
9336.87
10497.35
5012.20
14846.78
15487.88
8881.46
9764.97
13895.60
7093.02
6287.32
6686.20
9051.43
9487.52
16241.58
7003.88
9207.03
5436.25
7470.39
6918.68
16017.88
9606.69
13960.52
12829.86
9507.20
8544.96
8724.14
11652.28
6905.63
6780.63
6164.85
6852.31
5487.96
9859.95
21033.33
10353.09
5972.42
10259.61
10115.72
6969.34
5564.68
8425.95
11980.02
7106.22
6928.71
9167.45
7028.15
5618.39
11627.36
8830.34
8882.19
14938.95
9838.64
7635.00
8610.42
11275.81
10359.63
10053.61
23196.40
6144.88
6988.34
7912.29
6592.17
21257.77
8304.81
8133.07
14039.18
11427.99
13984.64
5413.70
8257.19
7220.94
11899.89
7445.07
7463.35
13222.62
19640.39
11755.11
6337.52
8688.45
7596.56
6305.77
15693.42
5934.42
9925.64
5893.21
6858.89
5426.85
6568.09
10854.83
7462.70
9143.14
15761.62
6870.12
6088.26
4950.62
8455.69
13353.11
6358.75
19025.15
9445.92
6521.16
8789.87
7856.99
8402.62
7559.43
6730.16
7535.29
13955.86
27725.02
6087.53
8230.18
7550.14
31386.77
10697.76
16732.70
6820.35
7891.35
6455.20
5656.89
11655.73
8007.40
15905.58
10837.27
6632.41
8008.38
14310.71
6205.75
13498.38
11438.51
14170.13
11103.61
12743.42
8955.97
11313.34
6583.13
6991.76
10959.16
15067.08
8581.08
7255.33
10507.23
5345.28
9947.90
10342.91
10295.51
9196.67
6358.30
10725.19
5624.03
6951.82
20808.13
17661.67
8292.22
12236.97
7975.58
8380.63
14542.49
9353.58
17777.51
9111.50
6523.18
13860.15
9653.75
10932.55
7588.13
7294.52
8226.92
20666.23
8855.49
6120.20
7950.67
6504.83
7056.33
6134.75
11127.58
12872.21
8317.46
22774.90
5783.66
12322.62
24112.44
9154.90
9129.25
6768.45
10612.71
7499.75
26511.39
5097.11
7438.61
14903.26
6916.41
7216.65
14865.49
11120.53
6899.02
19347.05
8268.25
13966.47
15449.14
12770.05
9451.82
5587.76
12478.42
39098.74
17114.34
7232.06
19332.42
6463.57
5591.97
17086.51
6499.81
6930.06
10668.79
9313.18
19780.19
5970.59
7895.32
18457.94
6081.79
6817.60
7982.82
8486.27
10576.23
9309.55
22741.48
21477.78
9730.55
7424.45
6321.50
7242.62
7062.71
8470.01
7179.92
8213.51
9553.39
10007.69
10480.44
12751.40
7559.06
7404.02
8298.42
19455.68
22335.54
9399.72
9593.67
8473.23
12135.06
32996.63
6688.43
8420.37
5635.92
9506.78
15028.28
9394.71
5473.75
7678.21
7381.87
5117.88
7173.76
6182.94
10133.67
7260.84
6761.75
6356.21
6170.59
12818.24
9491.86
7494.38
15209.86
30401.59
9073.86
7517.74
10439.44
8346.93
9763.28
11472.44
16406.59
8659.47
16662.87
7089.40
6179.05
6256.59
19286.74
7128.41
6917.44
8911.59
13821.14
8261.69
5799.71
10238.90
9798.75
11349.94
17735.31
5524.04
24499.51
13387.91
6428.48
8291.13
14129.55
9713.39
20441.33
10826.64
6259.10
9026.06
9310.39
38750.20
16119.77
7742.13
9972.52
7352.46
9774.95
20277.44
8299.87
6860.73
12454.30
10961.35
14255.81
6769.69
7643.98
7755.11
6467.41
5686.67
11542.75
10580.05
9054.38
5624.87
7906.17
17150.92
11712.93
6994.91
9850.20
8324.61
7438.23
11909.69
9714.29
13236.91
4881.26
9338.54
10182.49
9648.91
13589.36
11696.80
9100.40
13202.09
11716.96
8851.57
8873.28
8383.18
9038.19
7556.82
10474.76
8892.89
9174.65
6154.77
7737.19
9315.97
12987.67
11570.24
15213.26
12017.70
53635.57
9065.71
14938.02
7609.88
8582.74
7216.22
6542.36
6926.71
6803.32
8677.71
7375.23
7585.24
8726.58
13212.90
12845.02
9719.55
7011.38
15128.39
20702.36
17447.94
8821.57
13610.51
6040.34
10023.23
9129.86
7930.09
8800.45
6595.28
8163.48
5950.61
9824.76
9834.62
6124.39
7013.73
9412.02
7189.05
8488.65
18854.89
7365.60
7318.34
19908.88
6183.53
9868.87
8444.21
20919.20
7342.49
10193.11
5721.42
8196.95
6976.17
6964.96
8208.38
13199.52
7034.02
12774.31
7156.63
22210.02
19595.99
8872.06
7535.05
9648.20
13079.22
6562.48
7115.99
6400.85
8900.46
11473.92
7051.65
11072.90
12536.70
10001.30
9944.56
7468.76
9087.34
9819.13
7391.45
9384.05
20630.73
7278.67
8027.27
9028.44
8174.85
12643.02
10626.46
8000.07
15286.68
7101.63
9104.31
6944.77
6458.88
13272.66
9950.69
8869.88
6610.66
13516.62
7925.26
10266.38
12881.59
6639.71
7078.26
11524.89
8043.21
8986.26
12136.46
17221.97
7253.84
12017.22
8246.81
10404.25
11597.26
7183.01
10064.16
5843.56
7627.39
6304.66
7214.48
8019.45
8325.54
8356.72
6884.16
6445.01
11595.00
7805.08
9164.31
11847.18
10775.90
20552.33
8307.14
12677.34
5584.55
8621.91
12328.50
14392.24
9764.23
6306.79
10135.41
7249.22
6051.93
12926.64
21968.01
7743.62
6561.11
5933.06
9583.39
9704.79
8869.50
9060.87
8890.59
9103.75
11041.19
5874.30
6458.88
13552.48
8946.26
6947.05
13696.87
8742.83
9026.51
9981.57
8437.23
10288.52
9556.00
21518.97
8936.22
6968.02
6643.87
9789.67
6455.28
9743.50
12933.49
20930.27
33179.35
8164.03
8729.69
13429.00
8064.98
9048.59
13904.18
41570.78
8621.74
5973.01
9515.43
7646.33
8810.44
7517.19
7820.83
9864.28
10372.64
7679.05
6880.31
5719.26
5408.70
8108.49
14476.56
25632.17
11400.68
8004.00
8310.04
7269.24
7235.86
7899.02
18304.21
6606.89
6453.93
8453.48
18401.94
7806.73
18732.52
11771.79
6177.11
7342.48
8953.06
14078.90
13473.55
12917.53
6915.76
9302.58
7542.18
12463.12
23600.46
6761.45
5618.37
10324.87
23414.46
17742.82
5825.51
9125.76
7530.99
6142.54
9551.56
7569.95
12826.39
9383.34
8752.81
9876.46
19812.47
8205.55
11950.88
21974.06
21573.28
9942.11
5600.40
6174.91
5965.63
16881.43
24695.63
17345.16
7234.94
7700.94
7030.21
7725.07
9347.90
21971.27
7600.55
10805.87
8088.33
7847.44
6689.69
5812.29
9329.29
11183.93
12020.63
7059.03
7123.79
8978.06
11986.33
7065.98
16121.91
5670.53
6104.20
24260.88
7397.38
7323.98
10485.14
6543.62
9552.67
8132.32
15972.10
9788.18
27448.16
8534.51
7634.33
17983.03
8017.08
12433.48
8824.79
8575.71
9391.86
6193.10
8299.72
16390.44
10702.99
6755.95
9174.22
14164.02
10290.83
12749.01
13733.55
9215.08
9522.25
16554.91
7525.24
7737.37
8640.84
9450.13
8687.37
7491.65
8724.29
11837.24
16297.15
16761.51
9198.78
7814.77
15573.24
12866.50
28054.42
8783.86
10871.99
16040.73
14129.87
7056.51
7739.83
16121.41
9467.63
12652.56
12756.76
11205.58
8416.29
11454.66
8192.35
10570.08
14215.60
12676.89
8578.19
5919.89
11844.23
7550.18
21687.62
9307.50
9877.87
12702.58
7588.22
18279.07
16263.04
7020.72
7610.88
15954.02
7273.09
6529.77
10070.17
5868.24
13628.66
7577.41
11025.23
9772.98
11986.89
10053.46
11550.39
7579.39
8001.81
11961.88
8380.83
9438.41
11926.33
7553.86
7552.26
10744.80
9768.67
25357.59
10157.00
8051.58
14363.66
6481.29
6684.93
12089.05
9706.44
12954.16
6205.15
9493.24
6498.32
9708.70
7753.90
9502.56
17089.75
7743.62
9020.20
10456.17
11482.14
13621.24
8781.83
6872.25
10111.48
9023.42
9910.00
13577.88
5683.00
9471.37
10746.92
10287.74
8765.95
10235.14
7264.58
12777.89
7966.88
11622.18
9305.63
16309.38
11565.49
13220.29
11245.06
10820.35
12588.38
5331.23
7405.06
15453.17
8862.25
15215.81
6139.84
9697.84
8564.52
8419.63
8297.83
6087.41
8062.75
8084.88
9554.08
8878.82
18476.16
7255.91
9324.72
11024.75
67169.08
7783.53
7211.62
7369.90
9171.46
20550.49
8237.08
6647.62
9004.80
9869.38
7851.67
9479.66
258343.44
26837.84
129263.80
5167.41
4727.56
