6538.19
12161.91
4662.34
6980.45
5046.19
7742.01
4852.91
8663.77
4171.33
6001.34
7560.49
7223.57
7219.97
5885.60
7455.79
4321.22
8171.55
6387.71
6495.57
6781.39
7093.59
7318.08
8472.78
10996.81
5939.11
7193.33
17876.96
6443.72
6517.19
5999.31
7202.20
5576.98
5314.43
8135.48
12158.71
10318.22
6505.27
11217.48
5640.02
5965.41
10490.00
6418.29
11829.28
6573.13
12010.29
6822.26
6991.80
8309.39
9615.11
7962.37
11066.82
30646.95
6788.47
14189.51
5295.92
5393.91
4701.16
6581.63
6640.60
7526.91
7902.98
6197.97
6753.05
6835.40
14864.54
9919.54
5633.17
7953.59
5369.89
12301.48
7437.22
9843.30
5839.64
5403.82
15636.50
6257.59
8466.88
7251.33
7143.44
6917.37
5886.53
7760.32
6650.02
11862.02
5837.71
9159.72
6145.70
6410.12
14410.51
6375.37
9069.82
6438.58
4532.87
7020.83
6231.68
5713.36
4103.97
4784.85
5531.19
15376.39
6487.90
5779.59
5446.88
6516.41
7747.30
9929.08
4953.87
6467.67
6980.60
6245.15
5498.80
5495.79
6420.25
5743.01
9625.31
6407.87
5879.03
6673.61
6642.35
6708.03
8822.47
9615.41
7474.35
5173.32
10781.89
10078.45
6552.23
5490.44
12604.62
7525.80
12355.45
5431.52
10376.87
5236.77
7919.02
5787.99
7287.01
20979.32
4242.37
6019.96
5286.27
5162.04
6965.47
8224.50
6810.98
22350.23
9385.49
34287.09
19876.27
11128.26
15638.72
11211.19
7489.32
5800.05
6151.36
18496.47
6382.89
5565.35
6008.20
17526.20
6279.26
11117.04
7527.00
7569.64
12634.74
6755.11
6809.97
12368.81
7638.59
11287.59
5500.70
5581.69
6004.97
10868.49
6107.49
6533.73
6667.09
7630.25
35630.78
7763.23
9159.46
17053.46
7619.76
6706.24
7115.20
9297.57
6715.67
5824.77
8953.64
17088.39
6399.85
7151.11
5497.15
12384.98
12034.85
5328.88
14026.03
6543.87
6782.48
22167.48
5318.29
6529.32
6923.49
8067.29
6305.06
9275.53
7058.73
9942.37
7565.12
35302.52
6766.87
7332.89
9316.49
6309.61
12854.74
5782.47
6367.45
15776.67
8433.33
8010.34
5820.55
5603.40
19118.58
9950.03
7345.66
6995.91
12046.40
6949.36
6175.78
19943.57
14436.29
21552.69
11674.44
7371.07
10123.68
17303.07
6062.95
6331.55
22459.82
17344.44
7312.11
6876.39
6734.47
6450.14
9795.70
7520.95
10158.00
7630.02
8273.15
11926.87
18120.99
18879.98
15365.98
9231.89
7696.83
13312.18
7277.97
5505.33
6290.61
7784.15
8565.86
6895.45
9037.46
4713.92
8149.47
7680.29
8874.63
7752.36
16599.82
6660.40
7259.85
5889.13
9166.83
7437.28
9250.93
14511.23
4755.67
5183.28
9058.35
9515.35
6867.66
6527.85
8080.98
8277.62
10137.78
20271.87
7774.64
5362.53
6983.71
15417.08
7035.76
9247.01
32671.70
5018.32
7323.83
10690.00
7523.59
6033.07
10300.31
9592.92
12160.90
12491.79
7837.70
7437.16
7935.42
13773.87
6462.76
5819.63
8352.79
8218.22
9286.54
8340.82
16384.41
23754.79
9600.52
6185.93
7152.62
6538.62
7810.32
8542.79
8133.64
8282.18
7518.74
5306.27
5819.52
7098.88
10564.83
8297.03
5965.41
10864.02
11497.60
7291.32
8859.75
14471.31
7171.96
16089.44
6929.06
7349.76
11923.60
10614.62
8902.89
9568.96
8166.32
6865.76
6985.89
7738.45
8625.96
8595.96
7361.83
14896.20
6685.32
22461.16
10692.43
7443.29
15081.92
8922.91
7424.76
11183.32
9024.05
10613.60
7599.27
6827.36
37058.29
9429.65
66586.52
6142.20
6280.29
7166.34
6047.22
8059.62
9409.68
8370.41
6550.56
7766.53
13159.82
7837.95
5923.25
6410.86
11683.57
5904.30
14822.88
6797.44
8738.65
8170.62
23020.39
6898.82
16240.88
7985.77
13249.37
7057.78
8813.39
7818.39
6552.86
7405.80
9977.70
20863.25
13252.11
8193.98
8093.74
8866.85
7170.12
8261.06
8977.92
8042.56
8770.46
6251.23
13383.61
7407.32
9807.33
9870.91
7602.69
6115.42
5135.47
6973.87
13292.36
5538.78
9321.25
9992.56
8147.94
21956.87
8055.02
7485.79
8305.08
8820.10
6898.87
6630.59
5766.98
24078.32
6226.36
10273.91
7413.59
13336.92
9584.71
17235.89
8465.11
8618.87
6013.39
5977.60
9923.47
6685.45
9945.21
17517.29
12994.93
7568.68
12943.68
9680.16
8554.17
10417.74
8785.91
8176.64
10717.87
8632.85
11798.32
5478.20
10981.27
8358.79
10981.51
7860.27
6480.80
13436.13
6506.43
13137.17
5972.03
8264.15
7267.80
6226.90
8449.47
7896.98
8780.48
10271.91
14093.44
7946.54
8835.86
9631.13
11600.49
8426.55
7027.54
7066.24
14257.22
6453.09
8029.08
17253.43
7957.06
6216.77
10157.46
10445.80
6772.34
12504.04
6429.84
6378.60
5236.38
7055.10
6189.04
12433.41
7442.79
10445.59
25600.27
25211.74
6831.13
6590.07
8028.81
9675.53
14001.59
15945.21
8170.70
7428.71
6426.30
6416.75
6793.31
6535.10
6576.91
6875.83
7163.59
12694.64
6989.81
6515.93
8688.50
5917.93
7099.96
9587.11
5947.10
6365.53
6719.00
6256.92
9988.39
8299.94
8227.27
6625.70
13072.42
9335.45
6306.36
6389.34
10534.53
9631.50
15531.61
6850.67
7590.74
5807.76
7341.45
6472.17
8355.03
7556.60
7969.98
19978.12
12578.16
7456.97
18480.77
6595.70
9604.92
9491.15
6658.63
15454.30
15979.76
8675.84
9214.08
24192.86
7254.18
7942.43
9236.78
11976.15
9607.36
11677.37
7926.21
7781.19
9575.45
8944.23
8181.66
6793.02
11764.31
9014.39
12172.23
8251.48
7217.89
6493.09
6680.38
10311.41
19451.27
9593.37
9274.90
18855.28
7142.11
35890.01
8979.87
6842.12
6238.43
12912.88
5820.00
10013.83
8984.87
6236.52
26781.20
6070.86
14751.03
6436.02
9218.49
19142.03
12210.25
11280.86
6465.09
22992.77
6598.78
6416.64
5901.69
9389.20
7889.27
7490.61
6585.79
17146.07
7704.10
12200.53
8027.09
5779.32
15153.46
7270.67
8224.63
7096.46
16437.23
6778.01
6178.93
13393.04
11418.99
7743.29
10576.63
8956.31
18824.41
6859.98
15217.36
10808.38
7419.31
22999.37
9262.81
6877.87
6903.14
8836.59
15719.01
24412.76
27324.36
6283.23
6132.97
5837.05
5779.80
6281.28
7252.46
15078.12
7383.43
8212.38
7489.10
11764.03
12734.46
12067.36
7618.74
25303.43
10723.05
8343.97
6452.08
7683.98
7061.53
16358.48
8063.66
10646.00
6801.85
8189.84
7111.74
6057.43
10934.79
5624.99
6296.43
6196.20
7768.36
5771.01
14068.86
7530.41
9486.90
20322.17
5298.46
22202.65
10290.46
16920.82
6728.66
20071.77
6960.18
7955.61
7388.61
22279.93
14246.85
10029.19
6684.04
13347.54
5253.51
20442.67
23515.00
7100.12
8919.75
6110.08
10555.45
7417.20
6837.85
8640.24
7970.74
6197.54
11048.50
6160.10
10357.52
14965.96
8206.31
7438.62
7014.47
7740.50
6001.87
12963.27
12283.94
8114.79
21589.18
9468.87
9837.50
8862.33
7350.44
9316.60
5842.55
6424.11
22919.41
6816.20
12891.01
9343.94
16859.20
6736.30
13043.25
9077.11
6119.63
11494.47
6925.39
7891.88
37183.03
11531.68
22246.75
7812.71
8003.64
6473.78
12759.09
15275.32
7770.61
13396.31
12571.06
9419.14
7693.04
7207.55
6062.43
7623.05
6556.22
8153.94
6462.32
8610.15
6326.94
7558.93
8157.95
11616.24
11206.31
8534.92
5667.43
6986.38
6867.24
6661.38
7050.21
6438.12
5798.82
7896.00
7949.24
7307.04
8385.69
7249.79
5655.95
5906.09
6589.58
8854.23
6243.94
7134.36
11160.94
6996.75
8391.32
14990.68
11319.34
6600.36
7940.96
16136.75
12480.93
12799.70
6896.08
11461.25
10794.57
11730.44
10102.31
7570.60
14933.44
8123.74
7358.61
8422.55
10127.34
14325.06
5602.35
19343.09
9534.02
8768.41
7784.82
9371.68
5951.03
5451.03
10946.20
31765.99
12230.47
6585.95
6961.86
7586.75
13517.21
8366.12
6498.66
8524.14
6650.36
11582.42
20313.21
7878.94
14740.17
10603.02
7843.09
8582.94
18769.35
6389.72
10247.68
6140.94
16281.34
7290.81
7588.12
6989.66
7808.68
7389.94
16265.61
13391.91
7031.43
5854.41
5738.74
10437.51
8605.95
11435.06
6823.92
8800.74
7950.49
10930.03
6524.69
7872.27
7006.31
6993.63
6444.33
7932.49
25242.26
17880.50
8456.78
7625.69
8600.04
6793.89
6184.77
5760.36
7864.75
7065.87
10957.12
8553.85
5538.56
7746.59
8549.86
5759.00
8264.72
22065.40
10329.26
11317.66
6650.60
6652.88
5671.87
7510.01
12804.85
9013.14
6047.73
5651.95
9795.88
5758.59
8086.26
6972.40
7380.38
23434.74
11742.90
5134.33
10470.82
8481.41
16043.92
6853.13
7190.08
10127.12
12376.49
12295.82
11316.01
6139.33
7800.12
8379.07
15368.30
18863.82
8408.65
7048.56
6384.99
16057.08
5258.79
9269.94
14624.81
30851.58
11576.20
24736.21
7305.73
8815.16
7716.24
6850.20
6430.70
7167.52
17439.20
7545.65
10225.29
14979.81
5248.71
8853.64
11389.77
7208.46
7160.64
6188.07
8993.54
8852.18
10807.91
9984.19
11793.15
9346.33
7695.09
9660.98
8081.35
8040.70
5947.69
6900.05
8656.44
10862.12
10545.80
6282.21
19030.70
6985.64
9325.83
8295.54
20020.09
19500.70
10277.50
7075.28
7837.11
7767.40
7002.28
9200.63
8675.53
8058.29
6560.54
5353.96
8354.93
9074.53
10161.41
11673.59
7188.92
8623.09
14020.03
16208.62
7291.11
5551.97
4836.46
9179.42
6076.85
7287.36
7258.86
6669.54
7791.67
7337.16
6417.48
12172.86
5692.82
4751.24
6811.10
11858.94
9485.48
6461.06
6021.76
7330.03
6430.34
7326.09
11817.35
11107.62
7242.91
22556.31
9434.34
5942.00
11465.84
8402.57
6866.36
9510.13
14568.36
9202.60
7449.21
9374.44
7960.88
6970.20
10916.12
37504.76
14681.18
21239.62
7173.29
6947.67
7484.11
13735.55
8873.00
8853.84
6286.81
7756.67
7018.95
7162.66
6106.39
8771.76
9506.17
6617.15
7059.63
19499.03
7856.36
7764.20
12629.10
6569.10
6190.83
8055.77
6982.65
7951.69
6349.22
6757.39
7942.66
9376.66
14150.09
14507.52
12503.66
5429.76
7229.46
10577.43
37798.59
9020.73
36301.20
5884.30
8059.43
13706.46
7898.42
6077.20
7642.64
7873.53
6678.04
11889.73
7099.44
5827.86
11627.16
7795.72
7156.24
7493.26
13462.48
7503.20
15752.96
8395.01
12349.53
7596.51
7570.53
6979.23
7822.49
9769.45
7379.85
10227.45
7438.95
9110.05
6539.12
6629.73
6893.76
7104.93
22167.76
6478.75
6536.82
9151.04
11367.45
6727.56
6710.36
7325.90
7508.94
8913.46
6870.10
9052.54
6869.48
6913.94
11905.88
6245.35
8933.26
7204.72
6292.23
13702.33
14064.05
6312.36
6798.27
7322.99
8138.75
9423.72
7399.63
5924.26
15053.18
13158.87
11542.66
14278.67
6496.58
7857.55
5632.86
9957.10
18229.89
5757.94
11526.86
5788.34
6696.01
8585.03
16264.71
10601.27
10785.80
6672.23
5787.20
7108.05
7126.89
22752.13
7819.04
6765.88
10305.03
5744.73
7649.98
11293.72
6908.06
13703.53
12065.08
8804.71
7420.46
7012.63
14914.75
7036.07
8031.44
9074.36
6263.53
7457.80
11288.12
11771.32
6318.24
13443.82
7513.57
11197.36
11616.93
14931.70
7823.04
7362.90
7752.58
9692.83
13981.13
14305.82
9248.44
14100.64
16959.50
5545.75
6032.05
13975.05
9284.49
8155.63
9714.66
8056.04
7059.58
7535.32
13036.08
6875.85
13102.97
6808.09
9105.63
12483.64
8409.92
10772.01
12408.18
5865.08
12285.64
11816.12
13858.21
18156.58
9812.64
10764.58
7739.48
7597.98
11046.21
12205.01
9367.23
8600.98
13807.29
6500.66
6947.32
7784.41
14179.35
10927.27
9364.22
8510.56
19399.64
6882.14
8155.23
10321.05
6033.66
14731.22
10689.30
25677.95
6312.21
11843.20
12199.32
6400.02
11100.65
11217.56
8122.33
7865.23
8631.21
10386.95
9906.87
10228.57
13319.21
8475.93
19706.74
17059.25
6823.56
17113.38
9492.53
13290.66
8777.31
9286.37
9923.69
11233.94
5892.30
13793.33
6887.76
10665.27
6121.57
7276.65
8023.79
5947.93
8084.01
8296.95
6195.14
14666.87
9838.31
9341.51
6592.31
7271.74
9434.45
6747.82
11086.96
9113.11
6523.37
8622.82
10335.76
6927.83
21259.56
7626.57
8298.65
65111.57
6325.97
9619.47
7565.63
6462.56
19683.98
10640.83
12429.81
7463.43
8187.84
10597.20
25298.28
11711.44
6704.35
15111.78
16512.91
10153.04
17901.41
10348.20
13241.59
9190.41
9304.01
6973.64
13461.75
6432.54
8279.80
13693.96
5588.47
6209.48
7176.79
17929.60
8432.33
11639.33
29722.42
9865.02
6744.62
8359.54
6610.10
7215.26
6598.35
6357.96
6793.15
8525.30
9683.05
38293.51
11186.21
10511.38
13806.44
7034.94
14534.66
10325.69
7910.56
12341.30
9630.66
7136.83
12643.74
15866.66
7773.24
9864.72
5957.45
19385.35
12133.61
7518.27
8450.99
6855.99
7872.47
10867.06
5815.17
7913.24
5860.07
5818.71
8381.84
12158.38
15978.44
7187.49
23602.12
8767.43
5722.75
6024.23
6866.57
11428.67
10433.78
9183.62
7603.34
8825.03
17703.61
7829.68
10523.93
7002.66
16740.62
7738.04
7750.04
10772.76
7374.37
6548.91
8416.60
8287.54
8496.24
10462.53
8726.39
7050.55
8408.99
11704.93
8906.45
5500.25
6945.49
8769.38
10575.27
9221.18
6621.46
22019.65
6471.46
10433.67
18012.62
10609.88
11084.15
8475.33
9453.20
9226.88
7162.81
16709.32
7118.63
11245.40
15386.75
7325.96
15674.83
11186.24
7028.70
33401.14
8404.60
7225.08
39413.07
7213.07
8652.15
8109.61
9354.06
6924.66
11623.03
9682.31
8154.28
8882.43
8666.15
6547.97
7831.83
7655.41
7622.23
13046.62
10608.50
13435.68
9693.26
7926.81
11464.18
8145.12
19649.21
9230.40
8134.81
11217.00
19485.12
21099.79
7755.32
7824.19
27237.03
6737.47
7546.35
11925.18
8362.20
6360.35
8569.29
11667.81
11834.17
11718.45
9101.64
10390.36
10075.34
11049.04
9471.96
14518.30
9375.09
7228.14
8990.85
9428.41
8060.36
23799.79
7460.38
7780.57
7865.98
12066.06
8061.60
8989.79
7979.71
11931.73
18689.14
7559.91
7411.63
10165.61
8098.12
13764.09
9621.45
7402.35
9175.83
9670.73
6975.63
13000.06
6572.06
19724.28
7583.65
15317.16
6403.44
5085.04
13094.01
5907.42
6883.61
7185.35
11448.37
13710.80
9624.95
14815.73
8292.49
9435.65
7193.04
10021.53
22611.38
10179.78
16042.39
7162.20
10911.39
5386.33
14978.40
13146.76
9168.75
17103.19
8124.16
9622.96
13868.12
12170.50
7312.69
14625.64
15298.56
10465.55
11817.21
6627.00
9458.30
12140.65
5490.06
27582.46
6443.36
7220.03
11269.25
27891.90
7652.23
10737.69
8765.91
6152.21
5751.58
5697.72
16010.20
13133.78
10476.12
13398.32
9986.66
16943.56
8058.93
11565.68
6606.60
6769.69
6235.29
9011.66
14800.87
13709.76
13541.92
10114.70
35388.73
10023.29
8016.06
9126.59
5972.63
15627.96
10966.46
6938.58
9787.91
22490.65
7243.51
7664.56
13748.45
7977.61
7246.85
10342.45
6815.06
9019.62
9305.41
11662.10
8944.16
6836.50
9336.44
7477.69
9908.06
8674.36
7135.33
7800.58
14864.50
8111.37
9175.41
6938.17
14539.58
8977.23
10205.18
12719.03
21305.58
7952.05
8087.27
7144.69
9435.69
9063.02
7478.51
7068.94
10901.84
9122.72
9023.33
15750.69
10999.21
7292.68
5470.53
6476.02
18304.41
11558.19
10113.47
7419.76
14324.73
7913.29
6631.10
28696.81
8055.20
11397.99
8310.78
10344.52
5542.04
24395.38
8209.45
8040.29
6914.93
6471.06
7019.53
6094.79
7603.44
8804.86
11963.43
6491.91
7080.14
22943.86
7086.47
12710.14
8104.94
7259.53
6817.65
19243.54
26993.12
8025.86
20542.24
6909.62
7913.92
8087.91
6550.42
7361.72
6456.91
5574.15
18308.96
10727.68
10670.48
11051.57
12038.21
18894.06
7866.55
7277.17
15546.04
6624.12
10206.43
9905.96
18874.68
6462.32
7623.20
6881.51
7767.37
6113.72
18108.11
12427.69
9257.19
12585.66
7464.96
6977.81
7305.49
14945.27
29976.63
9118.92
8991.12
10357.60
7494.72
7502.58
26510.83
10181.10
10671.30
6712.95
7855.62
7494.22
16450.73
8747.12
8317.12
6778.96
7357.65
8010.61
13323.30
10388.48
11584.93
31875.68
10392.06
8902.17
13806.52
7048.29
10075.61
12696.26
14237.96
10553.87
18323.26
12162.74
7259.67
10718.01
7837.48
7649.77
10213.74
18088.86
9977.95
13535.64
7839.61
9720.95
13136.99
10098.30
14777.65
7384.00
11830.82
8466.54
9418.41
9531.09
14480.30
16466.29
8160.66
9832.27
10223.28
8212.07
6748.37
8723.79
7830.71
11971.47
6536.04
6065.96
7920.53
9969.02
12281.51
6559.26
9081.98
8258.11
7071.05
8422.78
15126.79
10807.80
10437.80
9529.36
13087.55
11676.38
8939.87
12046.42
25209.61
8800.13
7879.49
6635.24
12868.87
7786.10
8471.38
9177.37
7992.48
9890.57
6629.37
7486.90
11062.29
12704.98
10230.20
8371.27
6222.48
7523.51
9675.65
8594.54
11000.65
13338.91
8191.57
7736.19
7756.92
8133.83
10348.73
14711.11
8803.85
19117.57
14549.74
8293.40
9773.15
12629.70
10240.37
16038.90
7548.20
10407.14
8901.59
5646.23
7888.64
6936.85
14276.89
6282.85
12604.75
35510.46
9206.99
9720.77
11964.21
7309.80
7589.78
6892.30
11576.12
15539.63
8477.72
16527.34
24057.92
7644.41
8946.78
14805.11
9566.05
17682.44
11616.59
23192.86
8083.40
6017.02
8738.43
14383.39
14142.05
7831.31
7116.82
11636.73
8265.14
6641.45
8727.10
6147.17
6909.91
12756.52
8225.69
8286.29
6299.88
7664.34
9055.10
7084.83
11150.04
9107.15
8733.21
17065.27
7558.73
7428.45
7604.58
7524.54
7594.35
26325.18
7117.27
5521.72
15866.05
21228.20
18991.94
18972.06
7761.79
7781.19
7149.76
7061.71
7150.37
8518.78
5940.52
15101.72
22793.11
12211.69
7285.86
7194.76
9201.27
8919.63
10147.18
9541.00
6803.14
9819.93
8309.72
8000.03
7896.06
9870.43
13170.88
7127.31
10229.15
5407.11
8503.37
9572.77
7508.19
8110.28
18694.25
8787.42
8274.85
6053.49
15046.16
20720.59
5567.40
9551.64
16196.93
17633.82
8208.80
5946.95
7357.99
5800.24
11738.93
18456.28
5927.44
8401.42
13048.63
6757.47
7340.41
13925.98
7739.59
9889.18
7682.99
7042.93
7494.80
11485.33
13806.42
8702.70
10869.48
7392.32
5854.57
5412.83
7336.65
16585.85
10533.07
8664.75
8096.07
8346.30
13242.97
6433.54
8837.52
16889.37
13552.55
13514.91
13337.83
12388.80
6399.90
7302.97
6424.10
8054.87
9988.09
7312.93
12082.18
7967.97
23629.37
7506.30
9899.06
12169.54
13299.95
16843.83
8465.73
8763.16
7152.10
5547.72
6650.61
7646.41
7997.78
10478.95
14161.30
41965.15
13606.78
14933.51
8802.46
9606.38
16014.32
7719.26
19428.16
22503.68
8886.46
9920.88
6379.58
24673.30
10793.50
8277.48
8515.00
13881.59
9773.81
10159.77
7944.51
6737.93
9165.19
7891.83
8394.65
7815.98
5557.65
19564.59
7417.97
8157.72
10379.00
7573.52
22960.52
7909.01
11799.07
8655.71
7253.69
12624.46
7251.66
6377.60
10048.43
8462.86
36600.91
29333.91
11470.04
26654.20
15747.01
7317.73
25930.08
13868.93
8560.89
15152.54
17404.48
23670.04
5078.47
5851.08
12900.71
7808.66
8120.95
17159.13
7518.32
18852.68
8229.82
6467.00
14143.87
8409.80
7201.55
5928.85
13137.24
7303.18
17285.74
17873.63
7665.28
12633.72
24858.77
6782.77
6539.08
7913.79
6718.33
8019.62
11711.15
6472.54
5497.06
9353.37
7709.22
11842.15
12105.19
7375.44
9749.51
20043.05
8524.98
25642.83
10488.31
6710.75
8352.26
8052.14
10210.92
7478.64
8960.85
12249.69
9666.05
5559.35
8669.10
11280.66
9715.59
8757.22
6114.42
10250.24
9351.85
26246.26
14752.85
6478.19
8138.32
6956.61
11267.55
5747.39
11818.33
10984.48
12518.37
10953.27
11596.70
15218.81
7244.30
6213.19
18621.43
5229.15
6360.31
8894.43
9741.45
7828.42
7916.43
24645.43
25167.82
15108.95
8326.29
6544.98
8271.42
9716.89
11590.06
8629.60
6281.47
11379.76
10477.44
8188.30
7403.43
10393.86
13163.81
13249.06
54420.12
7903.84
19848.72
9848.72
8014.17
13636.22
10860.36
9772.93
10469.39
6938.20
8056.29
12146.30
5883.37
8418.00
10325.66
12629.61
23481.69
11486.73
20063.26
7628.75
8846.62
7283.34
7289.64
12782.49
41956.59
9849.70
14409.36
7344.34
7990.92
8538.86
7381.74
7366.13
12510.49
17859.54
7260.85
9650.71
9232.63
8002.16
9226.15
12824.69
6032.65
10031.89
8513.49
9255.99
12910.09
12465.41
8089.55
6422.65
9627.40
10535.98
5367.83
6890.62
7727.45
5587.98
5550.57
7606.39
19640.71
10541.27
7767.29
6455.55
17506.54
7332.04
10351.53
8913.69
6474.47
7499.61
7270.04
8769.82
8881.93
5055.73
6331.83
8376.56
6399.64
7118.39
18672.61
15970.86
7500.06
7005.28
8677.05
20302.79
18073.27
7066.47
6318.22
7017.98
8471.40
11458.57
9430.67
7357.45
16771.44
8519.09
10917.22
10294.54
6996.38
4921.24
6674.14
7391.60
10571.97
22684.98
27120.37
9174.00
8692.42
5567.16
7878.89
12119.18
6987.54
6180.83
5828.95
28486.93
6419.36
8236.20
13512.90
7971.14
18433.16
34715.39
20178.30
12289.41
11509.13
14566.70
7365.27
7223.06
27195.10
27196.59
7966.86
6368.60
6889.06
7015.55
8706.85
6665.28
7798.63
17860.39
7010.44
8666.45
11393.71
10828.84
5302.73
6886.52
9280.06
9269.04
10020.77
8692.23
9830.59
9327.54
10960.13
11318.52
7861.16
15034.54
10569.03
9230.29
6871.64
17264.79
13278.72
11784.13
9124.73
7176.78
9767.54
5791.87
5969.03
6419.62
5603.55
5792.99
14496.94
10584.67
11627.97
6816.27
7238.12
5387.90
17320.11
11883.10
9166.44
9319.73
7489.90
5357.29
5929.95
10808.57
6350.65
13463.16
9373.77
11509.11
12267.30
9190.14
6945.86
8954.95
6260.65
15277.75
14535.12
5949.32
5824.00
7405.63
9052.97
7673.71
13369.47
9164.90
11069.28
7313.44
11383.44
6531.36
10120.57
7452.24
7497.14
9514.69
6085.19
11219.04
10138.12
13851.10
9703.10
6678.71
7743.66
6082.64
8996.99
6896.32
6875.13
8647.86
7378.10
8302.58
11711.60
6508.88
8663.31
8024.94
14509.89
7425.70
8552.95
9948.20
17882.94
8016.11
12482.51
8686.96
8164.52
9528.63
11449.86
6809.13
7390.96
11140.51
5454.81
10031.14
6190.99
6576.25
34832.47
12470.91
8313.62
8561.04
9315.83
9325.85
28965.79
8825.14
25674.66
9892.76
5535.81
8724.00
8711.50
8895.68
15233.92
16896.91
8598.33
6678.33
8668.31
8466.84
6917.50
10642.12
12492.04
8394.84
9105.35
7041.00
9321.02
9682.06
9406.83
7500.79
14454.74
5831.66
20126.60
7074.80
7767.67
7249.98
7031.88
17961.94
7779.10
9266.29
6985.14
14512.00
7409.71
15210.63
6092.19
8421.13
9524.03
7319.91
8942.06
8326.07
8722.33
10457.86
9600.83
16512.97
10079.09
20727.71
12522.96
15426.37
9976.14
8222.97
8468.31
7024.36
16981.71
8020.58
14786.07
8867.42
22346.01
8481.11
9359.00
15209.55
8348.65
8153.61
12274.52
6658.11
7300.33
12548.03
8533.30
14202.86
7743.11
7500.01
6796.51
13264.53
7117.28
6353.66
7340.91
11500.18
11686.90
7890.45
8311.69
8005.54
12191.25
12269.47
7815.57
9547.74
7877.44
14896.04
9851.12
9123.86
9380.30
7583.23
11895.20
9906.89
11172.43
10205.31
10142.61
6466.24
8492.43
10051.50
31115.57
7353.67
10672.56
7564.07
9276.38
11082.58
8116.11
8182.00
5744.80
6669.35
12912.03
9373.04
54682.25
14582.18
12747.75
7844.86
12451.32
11379.00
6588.19
10723.26
7490.88
6278.86
6860.33
7485.48
8218.55
19052.76
10454.71
13103.16
17393.52
16198.58
11488.45
8297.85
6675.17
28411.40
5814.06
7890.99
7406.59
23937.68
13681.24
7524.03
8616.53
6064.72
20990.74
13486.95
10411.42
5893.80
8242.91
6469.14
9936.81
9140.30
8450.44
9617.26
7249.18
10064.64
6629.00
24001.68
12399.02
7258.22
6615.47
8244.35
10197.28
9225.91
10086.81
21916.29
7893.81
11376.88
7847.57
12447.59
6795.44
13939.16
7909.81
11983.88
10476.00
7275.95
7220.25
9011.79
6148.07
10890.95
12323.89
9337.55
9244.82
8138.24
14072.73
7119.73
7520.07
18407.74
7522.61
6815.28
27352.06
8773.55
13566.26
7481.76
14839.36
23361.36
7846.59
18667.77
9656.25
9573.69
6193.30
9941.12
12767.17
7054.63
9263.31
11217.90
7185.65
9158.89
7079.54
8835.34
12703.03
20102.23
6320.77
6094.51
7816.61
8100.08
8562.43
6126.18
10469.10
7017.67
12861.77
5630.08
5312.63
13081.08
15680.06
21441.01
14681.04
11927.50
5905.94
8358.34
8760.95
9935.68
8949.83
8442.67
8927.84
14604.18
10579.56
8881.82
9870.29
8515.62
7129.45
6527.51
14872.31
19443.42
7422.83
6787.40
11464.88
7889.96
11941.56
8243.93
9160.37
15045.93
9975.46
9063.59
11622.83
13578.35
6402.57
16975.05
11766.55
9578.38
7069.08
6465.68
6624.97
15636.31
19686.08
13499.50
11909.17
8376.66
11497.94
7626.57
7580.46
7498.45
36787.67
20419.06
20902.18
6254.23
6224.52
7503.41
13601.31
7893.14
8218.66
7577.81
6604.30
6656.53
15916.64
8296.86
8196.02
5937.42
8370.97
30545.84
8103.76
7995.17
11184.27
21556.37
11561.04
8087.35
14620.84
8614.02
19188.09
9322.13
7001.47
5968.13
24335.89
17534.62
7236.59
7644.02
16806.98
16859.46
8368.55
9551.21
5812.47
7695.35
10401.61
14934.30
7090.45
7285.99
18725.07
8788.95
23044.40
7215.51
5441.03
7083.46
10231.93
12696.21
14730.01
8166.27
16412.55
10140.95
23293.03
6628.57
12311.73
7767.94
10547.42
6574.37
8164.85
9117.86
7714.03
15218.84
9610.03
5944.72
9219.61
7333.76
8831.97
15342.32
6089.15
8436.10
9698.55
9860.42
5969.91
9035.18
12928.67
6368.88
6696.78
11029.56
7068.38
9017.82
5505.53
8506.71
8457.45
10735.60
9414.54
8317.32
7816.45
21243.97
6183.16
7563.71
9161.73
12458.19
9098.91
13156.54
5635.76
5011.86
7750.87
8025.13
12532.44
8250.48
8481.46
16611.76
7917.96
6020.49
16340.13
10348.38
10552.50
9462.00
12640.03
8752.31
9472.25
12070.50
7882.09
19048.13
10332.25
10826.53
13431.49
6162.75
5763.20
5137.12
7291.52
8097.33
6230.83
12397.33
8444.17
11672.84
8250.30
9847.73
14230.56
10519.26
10961.69
9481.90
10211.44
7934.52
13720.41
9554.86
9798.65
18344.52
13434.28
13939.10
10027.33
7875.05
9498.37
9363.03
6788.47
8861.42
9554.19
7193.14
9960.15
8057.90
12003.80
9759.08
5326.47
9760.15
11700.96
7549.09
11186.07
21435.45
15113.70
11938.89
6180.83
7765.24
19180.22
6038.54
8185.80
6348.61
10008.99
5817.83
9321.60
7083.85
18307.63
7174.76
9520.02
7584.07
6357.97
11313.74
13311.76
11957.08
7295.19
6982.43
9764.94
10114.11
15934.29
8376.37
8549.12
5998.91
10372.37
7827.24
26357.38
10959.28
14109.51
7398.95
7906.98
7838.88
9883.67
7621.49
9781.01
16814.20
16044.18
7771.00
6297.49
9067.27
6222.07
8590.44
9008.54
7484.03
9421.87
16207.42
7358.83
7904.77
5603.20
19829.57
7308.61
9717.82
15507.71
9041.29
7802.41
16911.16
9620.06
7448.50
7842.53
9706.36
6866.63
11472.45
17082.98
10489.47
17727.11
7774.99
5975.45
6941.21
20250.43
16686.84
19829.07
7684.77
7842.07
6956.64
17298.28
10023.44
7202.51
9505.82
10108.72
8651.74
7792.89
7511.24
15867.45
7866.83
12057.22
20997.41
11053.46
6218.60
6975.41
8930.43
11872.01
7405.58
6962.49
7084.19
23000.08
14295.60
11067.28
7250.47
5614.48
6601.50
6755.20
9066.81
7833.76
8146.51
7828.55
8156.82
9813.40
8131.42
9129.32
6972.63
7430.57
10143.74
9774.73
6700.19
13556.72
12587.42
9343.30
11330.15
8989.49
7686.20
8158.91
13695.63
12894.22
15716.71
10535.30
23980.73
7347.88
10165.95
9321.89
7710.15
9272.79
9856.13
7443.08
7259.72
7446.19
9512.31
20495.40
12557.04
6481.42
13588.38
7735.69
9587.56
8678.60
16801.71
11219.24
8912.93
7374.88
8429.88
12746.40
9655.40
7022.66
9587.81
12439.34
8168.74
7181.69
8256.25
7137.06
8983.45
19736.51
9287.51
5756.26
8464.69
7283.90
7084.69
10415.80
7414.77
11885.80
8433.83
8955.82
10182.63
8680.71
5564.21
7193.38
12139.43
71639.57
8544.03
8308.17
9148.69
6872.03
6932.33
10373.86
9509.86
7613.16
9895.11
7766.40
28551.29
11860.97
7702.88
14086.80
20168.23
7058.25
19685.54
7471.79
12707.71
8858.28
7004.01
13597.17
12471.92
11789.35
8048.16
29220.24
7446.48
7322.41
10144.67
8705.76
12728.67
7580.89
9714.41
12499.78
10939.63
10922.70
14828.26
6099.05
10750.09
11666.69
6495.42
6522.61
6970.53
8776.24
14886.38
7246.53
9833.02
9652.23
6204.66
10512.50
28201.80
8185.92
8775.76
13642.85
8321.68
7667.20
12268.84
6314.92
33548.79
9916.25
19057.92
13245.88
20739.37
9470.38
15011.59
20838.95
8029.99
7756.22
8677.37
13006.11
8603.56
18465.59
16897.48
5893.82
9247.53
9627.09
14524.60
7508.97
6927.88
14126.12
9415.18
5692.39
7650.93
9028.19
7427.47
7177.03
6313.72
9184.42
7039.73
21453.95
11457.68
13256.43
11952.80
10777.13
16425.63
8090.94
10621.38
18722.14
22549.68
7678.37
6608.89
18121.53
15755.07
31310.66
19088.33
8038.07
8557.81
18042.49
7557.05
8727.22
12503.34
6061.38
6169.90
15440.78
6475.21
7896.77
9787.94
12931.93
8420.34
14278.51
17005.33
7934.61
17770.67
8700.72
19912.34
10793.51
9471.18
9654.27
10226.19
8404.22
15044.67
9501.92
12211.68
7702.23
6251.47
9517.64
10933.79
23523.04
9496.88
6692.78
11337.44
7658.79
10747.62
11855.96
7289.09
17082.21
17125.19
14819.36
7731.14
7643.76
6511.95
8194.76
13136.70
6271.02
5934.94
16397.73
9918.23
7762.38
10658.55
10945.52
10963.48
7170.90
12255.53
7020.02
8900.98
21187.44
5360.19
8752.85
8088.94
10237.41
9394.06
5992.00
9382.43
17060.62
9275.37
12142.75
23275.91
13649.02
10431.98
18789.72
18151.39
7414.25
7865.81
14713.29
7498.67
10191.87
7656.53
5626.81
18142.21
6157.31
7178.93
14615.22
8303.35
6978.99
9069.16
10733.07
8742.36
6709.26
11666.22
12379.03
16274.31
7515.62
8990.14
6152.59
5020.21
8930.09
15478.92
11386.12
10032.04
6740.19
13377.00
6173.48
7073.60
9671.19
14550.90
5913.62
17882.42
10938.81
9765.82
9251.42
6262.18
6217.25
5894.25
6331.91
6913.46
7747.23
8056.68
7006.26
8980.63
6394.11
8139.55
7368.05
9585.57
8877.58
9551.96
9760.40
7529.73
8384.59
10089.50
5339.98
6812.07
6516.74
17600.15
8180.54
14833.20
11174.21
12092.47
7560.24
7932.23
7201.81
18333.69
11749.85
18509.22
12776.51
9244.55
9390.29
8912.22
11549.42
18995.44
6737.61
8354.53
13972.93
13703.93
11630.04
10645.85
5405.96
6377.95
23772.26
6818.05
20349.60
8990.98
8565.40
6868.71
16413.83
10791.37
12261.41
7697.05
9300.97
7203.19
12525.68
6660.11
9381.01
6631.69
11077.90
8207.61
18063.87
9621.88
6727.22
7617.82
9869.73
17757.47
6500.74
7045.33
8538.68
6302.83
9743.15
9579.72
18942.71
11196.81
7741.98
6714.21
15195.08
6341.41
8693.89
6660.63
7117.74
7879.31
19781.10
22608.38
7160.79
10291.57
6026.46
6382.26
7698.64
7350.97
9784.17
7703.00
24243.68
10240.08
20032.09
9939.47
6029.02
6625.60
9443.53
9118.86
8733.13
11319.38
8559.01
10659.55
10845.72
18959.33
15328.36
8639.12
8820.13
6156.12
17756.97
9473.07
10055.73
7325.24
14118.54
8014.43
5580.17
7422.34
10387.55
6947.18
7529.90
8030.04
16847.89
23967.69
13477.24
6737.84
7195.23
10158.27
7742.68
9456.21
28533.11
14875.34
8398.69
9834.33
6152.51
8338.78
4992.66
7780.96
7872.74
10766.68
6767.79
10086.60
15150.47
8370.22
13956.35
8181.12
6634.32
12235.07
13689.71
7728.09
73434.80
6140.79
12042.45
5955.93
19397.42
6683.36
11416.10
6160.20
8912.46
7919.36
8848.73
6058.29
5671.53
9180.13
6762.54
8699.50
6206.23
11283.99
6189.96
8991.84
7483.76
11592.71
7320.11
6785.14
7857.39
6070.76
11345.86
14784.84
8405.54
6555.90
11473.16
6358.60
5827.94
9883.31
6898.77
12579.45
8055.96
8535.06
10800.51
13962.06
5914.56
5178.79
11860.44
8869.24
6416.71
23698.09
14381.28
22860.45
11797.33
5098.42
6150.73
7708.00
17861.15
10324.50
7994.44
18699.18
8212.38
6073.80
7852.79
11113.64
10563.70
6449.74
19075.00
8687.90
6491.59
19227.47
14758.15
10183.04
9662.70
11631.94
10439.09
17721.02
49997.27
7329.22
8365.79
16621.34
9951.18
9623.70
10442.75
10556.35
5778.51
8982.38
7515.47
7116.44
8317.18
7461.78
10525.54
8838.18
7657.16
14634.56
14651.64
9010.50
10697.98
13402.83
8397.95
7078.29
6654.30
7419.58
10027.02
16378.83
6814.52
9604.53
6227.24
7293.07
6607.26
6459.29
17811.53
5661.50
18638.56
9176.56
7881.96
9068.50
12564.07
6752.78
6346.21
6717.70
5981.72
6861.98
8653.29
20633.68
11385.91
6290.41
10376.30
7492.79
9895.53
5540.79
8119.33
9630.00
9794.25
7387.19
8416.18
8386.32
5432.25
7266.38
11217.22
8670.37
10522.08
14223.02
9175.90
8584.39
6309.67
12541.65
11673.17
24746.77
5930.08
6728.38
5682.20
8632.00
13737.13
16989.23
8442.89
12517.56
10640.16
15245.14
6096.64
7489.78
7128.80
12069.79
6181.25
8712.77
12895.18
19944.96
7028.48
11703.26
7603.26
7899.39
7614.23
16345.42
5432.00
8194.41
7637.99
6887.54
5364.48
6293.90
7909.32
10445.96
5576.63
10696.02
14551.94
6850.19
5707.33
5644.36
14572.60
7406.37
7521.31
18356.87
8780.15
9741.97
6257.99
8548.41
7435.25
6846.78
7214.42
11678.90
27591.59
11072.25
7088.48
8019.81
26193.55
20011.00
17139.55
6779.45
6801.03
7596.39
5378.06
6799.80
11992.29
16244.49
5952.78
11071.31
6278.12
8335.91
13848.30
12232.50
12775.88
5516.12
15778.26
9772.40
13984.13
7976.95
11046.85
6717.38
7550.47
10971.48
15756.72
8495.18
9821.04
6624.96
8871.09
10442.31
10949.05
7160.53
8502.82
6593.70
10726.85
5548.04
6819.37
21044.42
18420.89
9074.05
11595.02
7405.59
7926.49
15114.44
11392.12
16293.48
8051.16
6598.84
14315.68
10108.20
10054.79
7861.88
7193.58
22459.39
8509.52
6242.87
6479.19
7689.00
6851.30
6882.11
9578.68
8448.25
13631.94
16945.08
15537.86
12552.43
5503.55
22845.71
9603.80
8791.48
6980.47
10623.97
17860.02
19558.54
5119.60
7435.70
14955.02
7497.44
6649.15
15833.51
9657.95
8076.49
18618.87
8430.03
13378.33
16212.66
12349.44
9443.19
6316.91
12051.47
39200.87
17099.13
7352.31
18947.04
6263.09
5540.68
16862.25
6825.97
6657.39
11543.87
8830.24
19802.70
5331.84
8141.00
18219.68
6039.24
7121.52
7816.71
8496.48
10264.79
9530.39
22267.19
21499.71
9701.61
7589.36
6454.22
7109.10
6990.32
8447.01
7179.00
8229.92
9548.00
10093.84
10317.92
12864.86
7661.29
7278.72
8284.75
19054.63
21538.53
9405.10
9483.88
8592.74
12110.75
33504.51
6764.28
8470.44
5690.09
8900.26
15732.46
9430.58
5603.95
7497.30
7549.48
5037.45
5938.96
7292.84
10051.42
5651.41
7102.98
7119.48
6511.19
12244.69
10068.57
7576.51
15187.32
28802.73
11562.35
8942.09
10638.83
7695.40
9859.74
11239.74
10426.32
16042.33
11758.85
12854.67
6186.26
6383.86
18761.65
6670.75
6701.09
6624.13
15652.36
8035.07
5951.36
8554.63
11126.14
10542.44
18233.86
5299.56
24398.04
13583.75
6595.02
7666.44
14559.42
7140.02
23108.71
6838.24
11016.62
8984.53
9004.85
39299.13
15566.49
7987.07
10169.34
7821.38
8626.75
19826.28
10051.82
7070.25
12216.48
10513.22
8604.82
13774.47
7771.00
7722.99
5972.05
5538.98
8568.84
13126.63
8869.59
6520.52
6779.90
9202.50
16368.63
11615.86
9148.31
7738.50
7389.30
10384.47
12772.75
7306.51
11976.85
7268.18
11488.74
9031.99
14509.54
8748.21
9408.57
14851.92
9026.63
11065.74
9620.59
8424.82
8686.00
8482.94
10064.71
7335.53
10697.21
7036.50
7913.26
8420.35
9090.49
11266.11
12165.20
17879.43
55706.51
10334.74
13680.37
10862.78
8971.46
7227.51
6118.86
7347.69
6951.53
7534.21
8002.20
7573.76
8695.80
13473.67
12827.97
10088.62
7944.60
6345.74
16907.86
18186.01
19783.57
6804.41
12938.39
6746.16
9860.96
9795.75
9016.73
6778.67
7731.71
6594.73
8587.13
10889.43
5623.83
7410.09
6931.87
9840.41
6722.63
11139.10
16781.30
6728.11
19109.51
8421.93
9483.34
7789.58
20707.62
7196.32
6994.20
9928.33
6243.78
8292.29
7056.22
7895.54
8394.55
12498.96
12966.72
6285.64
15213.00
17980.38
18660.34
8807.15
9694.53
8124.40
11825.81
7624.29
6535.39
8704.44
10696.07
8008.96
11141.71
6910.02
14656.52
9013.12
9264.98
8043.05
10944.33
5614.81
9398.03
9067.31
19949.10
7334.88
9838.21
8704.61
12759.75
9701.33
7540.92
13535.05
10808.30
8234.03
7381.64
7200.11
13175.96
6187.66
11414.63
7058.70
6742.53
14586.15
10579.78
8409.88
11448.19
7256.94
10240.99
9396.32
7582.28
12799.25
11512.08
14088.04
12089.91
8424.27
7681.78
11223.47
10093.34
6751.94
10319.50
6334.41
6945.99
6845.52
6634.96
9558.28
7661.87
8665.56
5609.47
10956.98
8067.99
7863.08
9567.27
11922.01
22694.05
7015.85
8615.10
12020.25
8184.06
12080.18
15551.85
9104.11
6877.35
7574.30
9943.99
6391.04
7766.22
13413.76
19578.89
7336.16
6365.80
8215.42
8881.95
10366.78
7943.94
9795.81
7525.52
12017.44
6068.13
6409.21
10126.42
12411.76
6770.37
7971.48
13765.76
9428.55
10232.98
8360.27
10244.24
9240.68
13208.00
17491.59
7073.94
6555.52
9782.30
6781.39
8612.58
11950.10
21580.43
33955.84
8385.50
8652.27
12997.45
8819.77
8295.89
14338.22
41472.26
7267.37
7169.09
9218.01
8114.57
8477.71
8083.19
7940.80
6565.57
12415.72
7807.21
6767.83
6038.62
5365.37
8059.87
14405.57
25358.35
10276.66
9722.52
8371.28
7247.49
7290.91
7779.32
18637.44
6491.24
6471.79
8540.74
18361.56
7721.29
18330.98
11887.44
6173.14
7370.65
8909.24
14121.17
13764.28
12895.38
6874.64
9453.56
7581.37
12679.46
22996.44
6777.41
5688.02
10275.62
23877.95
16980.06
5910.72
9160.41
7571.15
6198.38
10157.01
6750.37
12731.76
9269.27
11744.71
6836.40
19508.51
8349.66
12242.40
22601.09
19988.44
9974.46
5346.34
6105.34
6034.05
16639.10
26019.63
16710.21
7138.11
8598.31
6054.07
8808.20
8760.01
22085.21
7090.84
10631.19
8847.15
6845.55
6884.42
6061.80
9578.12
10749.18
11909.19
7186.51
6794.07
14022.89
6661.39
6946.47
15995.56
6211.20
24723.21
5508.62
7220.24
7375.73
10322.87
6562.43
9879.22
8609.81
15930.15
10194.11
26764.91
7974.71
18741.66
7288.97
10524.83
10285.20
10238.00
6748.73
9272.89
5907.89
9945.31
15187.81
11014.42
6792.57
16613.00
6111.89
11317.27
17512.79
6657.92
9327.24
17404.13
8706.24
6658.56
7852.14
10061.19
7719.08
9138.16
7739.29
8090.64
12376.11
22793.07
9378.75
8983.04
7422.69
16268.37
32927.33
9798.57
6710.25
16964.58
11005.59
13897.66
6598.21
7762.86
17054.46
10424.92
12644.37
12998.86
10958.18
10912.47
9177.38
8452.52
13837.26
11321.67
13141.71
7616.31
6061.25
12415.53
14655.01
15537.19
8930.88
10502.78
11657.14
7489.12
17969.70
15189.23
7727.98
7738.56
15519.03
6841.71
8862.74
7509.93
6064.19
13464.34
7847.54
10603.26
13070.23
9377.82
9402.97
12001.84
7560.48
8100.92
11650.02
8067.95
9782.01
11714.56
7454.70
10180.60
7997.33
18784.68
19133.16
9807.11
15649.44
6551.79
6432.12
7163.93
12099.69
8748.89
12670.66
6165.46
9515.45
8058.68
8473.10
7522.09
9726.95
16623.70
7834.49
9528.92
10186.37
11626.58
13583.78
8702.15
6619.25
10324.79
8834.57
9753.02
13444.80
5655.65
9428.26
10737.69
10297.11
8894.31
10284.06
7250.67
12681.00
8058.34
11854.90
9241.66
16091.08
11729.76
13207.91
11464.71
10431.05
12779.21
5298.67
7413.01
15646.28
5869.93
17023.12
6109.71
9641.13
8483.94
8549.40
8101.65
6274.90
7508.11
7712.37
10415.68
8808.16
18746.81
7315.75
8806.74
10553.72
68429.54
8069.31
7192.06
7339.25
9187.02
22283.58
7918.89
6914.24
9378.07
9631.42
8109.09
7107.33
