12881,9314.15
11172,9709.39
10296,5412.49
11689,6094.60
11148,5441.10
11865,7813.52
10690,6483.51
10428,6451.79
10897,5821.27
9245,6201.79
10276,6940.62
10702,7332.39
10848,5818.35
10203,6919.47
11218,5372.99
10321,4605.33
10840,8541.29
11385,6916.69
13006,6649.26
10386,6925.20
9801,6239.06
10177,7774.28
9971,7327.83
11410,10916.09
11282,6712.70
12331,17311.87
11240,6729.03
10966,6669.40
11457,7124.49
9769,6253.24
11162,6305.13
11386,5547.33
11568,7517.41
10688,5411.71
15123,14758.77
11021,7732.91
12049,11571.23
12142,5885.97
10563,6030.66
11765,9342.69
10403,7443.34
11603,11968.20
10455,6502.72
11171,10441.33
10840,8528.50
10660,7148.42
10694,6104.09
11088,10644.94
10637,8202.58
11714,10785.43
11697,9613.22
13989,26957.31
12812,13886.60
10259,5463.48
10831,5872.48
10304,4680.72
10062,4569.03
10924,7766.93
10868,8206.76
10221,5816.89
11250,8005.62
11735,6645.85
11997,6979.03
11491,9452.96
13593,14849.57
10888,5160.32
10362,8593.76
10665,4882.54
12909,11776.33
10892,7212.24
11492,8170.08
11658,8514.92
10821,6149.33
10619,6043.68
12760,14757.21
11661,9551.48
10529,6198.77
10276,5525.18
11224,8807.51
10066,5075.16
9868,8624.11
9157,5355.13
13093,12454.93
10238,5156.41
10445,6739.15
11016,8649.14
10928,6196.06
12694,14259.27
10924,5955.20
11168,9129.19
9642,5840.26
10121,5320.91
10449,4575.03
12057,8037.59
10624,5525.82
10136,4377.04
10607,4821.75
10690,5455.44
12509,14520.10
10992,5916.16
10874,6763.06
9982,5091.67
11262,5820.08
12289,8342.84
10995,10150.45
9172,4807.77
9452,6150.96
11203,7038.13
10871,6651.65
10524,5215.01
10580,5789.59
10096,6303.18
11095,5793.69
11557,8924.14
10612,7106.43
10558,5926.03
12089,6603.93
10990,6751.29
10460,6538.34
12440,9121.48
11688,9635.98
11084,7332.58
10623,5264.71
12087,10557.76
12739,10427.21
10956,4975.69
11284,6786.04
12092,12870.78
9996,7474.07
10809,12000.08
11164,5451.53
11699,10225.56
10898,5290.73
11114,7468.78
10722,6171.55
10854,7059.30
13712,20725.40
10037,4166.15
10898,5869.36
10557,5012.55
10627,5343.69
10795,6897.82
10994,7976.98
11198,6950.30
13660,21835.80
11372,8809.47
13639,34679.66
11738,19587.00
10802,10952.25
13201,15839.59
11690,11133.50
11861,7649.37
10883,5740.26
11003,6109.99
12685,18487.62
10610,6118.44
11311,5607.06
9976,5907.75
13258,17495.41
10767,6106.38
10189,6980.25
11848,11294.30
10251,7666.96
11489,12122.71
10745,6908.49
10329,6797.24
11876,9471.24
12936,10657.78
13093,11435.26
10834,5669.49
10947,5557.15
10449,5752.38
11680,10729.60
10861,6122.99
10432,6394.64
11198,6218.73
12545,8092.41
15538,35040.72
11465,7385.59
12518,9120.59
13117,17431.26
11389,7831.22
10670,6697.56
11406,7007.34
11439,8953.67
11306,6795.10
11386,5875.34
11429,8988.16
14497,16843.40
10575,6106.83
10615,6240.20
10608,6388.27
11624,12335.50
11652,12050.43
10769,5414.35
13207,14040.22
10815,6414.99
10633,6600.43
12954,21973.16
10443,4856.84
10623,6462.69
10688,6290.62
10927,8672.60
10588,6210.19
11953,8983.29
11442,7297.48
12922,10204.56
10805,6912.37
11950,11258.19
13925,28764.96
10914,7804.51
11619,9069.29
10774,6514.36
12373,12636.63
10532,5660.02
10726,6373.06
13691,15763.85
11514,8417.70
12932,7917.20
11834,5835.34
10424,5462.30
13923,18887.29
11268,9868.61
10831,7425.26
10765,7009.11
12208,11850.41
11108,6818.60
11001,6023.28
13946,20135.71
13623,13978.70
12547,20990.42
13470,11581.85
11562,7560.03
11810,9838.28
13185,17258.65
10425,6014.60
10652,6262.10
13406,21615.32
12410,17118.81
11049,7030.26
10561,6757.60
10599,7110.30
11074,6188.92
12095,9789.45
11128,7506.76
11568,9752.57
10759,7707.13
10449,8392.18
12600,11929.01
12523,17802.09
13105,18336.61
13258,14999.80
11875,9160.75
11722,9960.57
11894,11367.54
11607,7239.66
10600,5659.69
10541,6158.43
10777,8655.96
11220,7460.86
11681,8030.72
11614,7877.98
10404,4798.00
10956,8115.08
12464,9072.33
10785,7353.60
11591,8211.64
13019,14045.65
11607,6746.62
11463,7324.65
11010,6110.87
11463,9132.20
11346,8872.95
12135,7486.96
12042,13990.49
10573,4833.69
11053,5597.87
11820,8904.51
12701,9566.13
11308,7371.06
10940,5968.28
11844,8374.54
12320,9151.73
11365,8950.79
14338,19792.71
11813,7742.09
10785,5056.54
11110,8856.39
14493,13930.34
11275,9385.16
11359,6413.95
14693,32556.35
10377,5211.54
11397,7192.99
11698,10635.72
11699,8340.72
10717,7209.78
11883,8518.35
12588,13775.40
11087,7856.38
12478,12939.96
11285,6588.96
10932,7514.13
11311,9455.99
12210,12753.22
10584,5531.13
10031,6820.32
11102,9122.10
9776,6445.79
10631,9514.81
11227,8023.58
15767,29153.73
11793,8882.91
11348,8832.86
10744,6365.41
11000,7815.45
11220,6150.99
11110,7908.99
11892,8663.85
11058,8231.45
10682,8240.49
10963,6535.46
10979,5285.21
11230,6616.68
10586,6142.67
12343,11328.09
10775,7859.38
12259,11048.70
10987,6714.37
11714,10958.99
10796,7507.21
11779,7908.08
12636,14443.61
10561,7865.92
12219,14792.74
10002,5365.51
11163,7747.02
13093,14584.19
10804,8996.93
11428,8720.55
10912,8700.99
11129,7789.29
11019,7125.98
11250,7595.47
10754,8697.40
10448,7017.57
11510,8905.95
12001,9824.99
12351,12512.81
12181,14968.17
13953,17073.94
11424,8851.32
11170,8046.11
12664,15156.75
10621,8256.38
13967,10466.79
11510,8698.85
12940,10802.29
11340,8706.09
11390,6931.27
9716,6051.26
15806,36033.83
11555,10885.69
16916,55020.76
10810,6034.46
11246,8020.50
10838,4787.95
11473,8177.16
10574,9540.89
10354,6226.66
12130,8595.68
10207,7215.49
12359,13554.51
10491,6407.33
10356,7525.25
10806,6257.38
11810,9938.87
11519,7890.97
11410,14293.48
10868,6038.70
11863,9549.42
11879,8363.89
14346,22356.53
11110,7215.00
11925,13577.36
11391,9569.87
13449,13077.97
12156,9061.39
9893,7165.84
11065,9010.06
12107,6831.55
10825,6813.93
11011,9383.77
13863,22385.33
10949,8140.66
11983,12488.41
11953,8714.77
12040,9138.23
10774,7906.84
12300,8996.26
11005,6588.92
11791,8892.27
11651,9881.90
11708,6249.05
10245,6982.95
11609,12426.68
10486,8633.39
10774,9483.71
11535,9664.68
10648,6146.17
9865,5141.12
10388,6414.72
12104,11656.24
10714,8796.61
13167,7409.49
12499,8748.51
11840,10642.03
14895,22362.96
11444,7816.39
11647,7412.78
11680,6943.80
12837,10058.80
10790,6661.95
11500,7164.31
10127,5790.29
13566,15992.18
12137,16774.58
11220,5834.90
12649,11308.05
11478,9202.44
13863,13721.81
13068,10434.31
13530,15845.56
11230,8016.93
11951,7250.16
10540,5705.13
12134,9797.64
12209,6740.39
12657,9354.15
14386,17678.94
12387,12546.73
11401,7257.17
12088,10850.05
11920,10942.96
12876,8288.52
10724,7880.87
12377,11746.78
11335,8809.64
11116,10032.30
10959,7919.97
11519,12285.69
11338,5937.73
11087,8555.22
12262,9729.34
11426,7860.43
12902,11867.17
11132,5897.32
12685,13728.80
10724,7376.52
12602,13454.14
11277,5781.22
11789,8212.36
9858,6852.73
10736,6766.99
11404,7358.61
12046,8501.72
11770,7520.48
12096,9249.34
14611,15561.33
11035,7278.38
10893,8481.80
12289,10012.72
10962,7397.84
11569,11972.13
11601,6529.19
12070,7757.20
12064,7193.94
12696,13946.04
12457,7644.32
12571,17221.54
12090,7705.46
13233,6435.21
10847,7817.98
12315,12630.39
11277,6943.85
12697,10456.74
11705,8871.06
10736,6852.65
10014,5420.37
11198,7179.39
10607,5810.79
12005,12408.91
11169,7309.28
12441,9782.12
16008,25732.43
14119,25471.49
10948,7052.12
10942,6325.82
10484,6371.73
11680,11396.41
11954,13781.94
13438,16593.94
11854,8755.40
10451,7230.65
10770,6675.48
10883,6496.79
10576,7070.84
10460,5937.06
10826,7025.05
11684,6737.21
11142,6860.65
13196,12821.49
11239,6859.02
10844,6537.56
10864,8602.05
11310,6039.42
10135,6556.63
11493,10084.51
10242,5339.17
11408,5905.74
11195,6977.35
11103,6710.08
12654,9888.53
11253,7915.18
11572,8746.82
10536,6409.38
12695,12436.65
12116,9309.20
11938,6724.72
10538,6597.72
11221,8887.10
12555,10244.76
14070,16857.90
10463,6103.70
11246,8293.43
10276,5947.85
10627,6992.97
10072,6215.65
10391,7859.02
11534,7986.30
10900,7596.04
14685,20424.94
11319,11285.91
11298,7979.28
13146,18662.28
10840,6471.11
10797,9397.18
11604,9671.37
10300,5453.85
12513,16231.78
11155,7345.36
11901,14688.49
12043,11512.35
12883,20740.70
12128,11713.68
10882,7129.21
11541,7120.80
11718,10327.99
12206,13151.95
11467,10420.95
12036,10075.34
10678,7039.90
11543,8294.76
11037,10462.15
12077,8634.65
10605,6028.26
12765,10535.93
11122,9624.34
12141,9448.82
12305,11330.90
11292,7206.61
12034,7304.22
10366,6573.92
10959,8834.57
13680,20518.53
12053,9610.81
11341,9597.75
13612,18101.92
11131,7503.66
17084,41482.11
10613,5497.04
11238,8938.17
11164,7195.39
12751,13527.31
10955,6236.87
11181,7615.45
12354,10814.29
11370,6688.08
11593,8199.38
13278,22394.76
11694,10974.55
12328,10966.29
11696,7566.80
14211,20336.90
10758,6923.33
14387,14588.03
11883,8286.54
12643,11003.34
14508,20226.65
11265,6467.73
10592,5565.06
10724,8402.10
11696,9142.83
11752,7597.39
10869,6667.71
10424,5300.04
14950,19297.70
12847,12785.53
11557,5389.20
11791,7795.06
12630,12730.96
11754,10309.66
11429,8601.43
11069,6932.44
12741,16402.15
11276,6639.74
11375,6289.24
12999,13499.18
11018,7119.22
12091,11361.08
11721,10686.76
11845,9271.73
13625,19093.94
10899,6303.22
12326,15381.03
11779,10498.78
11369,7775.01
11414,6351.96
14429,24104.13
11068,7303.24
11178,7654.57
11116,5553.95
14475,17782.18
12140,20448.39
15991,31732.52
10155,6450.63
10543,6027.26
10680,5493.04
10891,5910.25
10358,6425.68
11588,7112.68
12329,15326.22
10572,7577.79
12597,8883.98
10680,6523.14
11731,8559.03
12090,11796.99
13140,12985.26
12350,10794.32
14925,27001.98
10357,7078.73
12250,11666.99
10814,7068.36
10980,7692.79
10944,6858.37
13345,16307.70
11330,7530.05
11683,10282.59
11243,7366.89
11410,7327.21
11666,7524.48
10887,6279.05
11350,10927.25
10114,5642.38
10651,5321.44
10685,7119.99
10774,7483.79
11348,5993.72
12560,14043.97
10721,7119.41
11630,8104.91
15299,18299.70
11357,7515.43
12018,8317.48
14950,23158.10
13300,15792.51
12160,8607.60
13670,20405.47
10483,6258.76
11282,8312.82
10733,7621.22
11431,9149.10
15663,24793.46
13244,10614.24
10732,6578.36
11175,10811.61
11694,9013.77
12700,19492.10
13261,23296.04
9791,6836.49
10993,8987.28
9805,6033.05
10720,8138.04
11295,9821.77
10707,6356.20
10768,8226.97
11132,8480.20
11358,5861.08
11164,8300.63
11255,9432.84
11795,10513.42
12994,14492.62
11507,8575.33
10453,7316.55
10117,6782.80
11653,8216.18
10449,5848.97
11255,9860.73
11217,11957.30
14959,11469.36
12546,20596.72
11914,11363.45
12069,9390.69
12692,9326.83
10977,7154.30
11978,9328.38
12070,5969.79
12608,6229.23
14284,22971.21
11046,6903.60
12879,12540.14
11409,9476.65
11083,13476.08
11615,11069.62
11377,13232.09
11322,9313.32
11261,5732.17
12485,11669.83
11591,7238.05
9910,6503.50
16019,40007.53
13346,12726.94
13532,22247.00
11163,8131.30
10634,7948.99
11168,6640.56
11249,12654.10
12043,14200.34
12415,8071.94
13188,13417.87
12938,12825.26
10945,5761.60
12566,10930.42
10982,7043.77
10759,6331.89
11096,7408.96
10665,5799.56
12514,8906.66
11287,6266.81
12142,8731.33
10884,6278.41
10973,7182.86
11927,7966.31
12447,12111.77
12911,10782.79
11777,8871.69
11152,5898.82
11166,6517.55
11149,6752.06
10972,6383.56
11579,7567.37
11425,6544.65
11338,6055.41
12151,7677.11
10965,7845.27
11122,7654.26
11583,8476.16
10384,4925.60
11619,7654.25
10724,5557.66
10749,6437.01
11747,8816.09
11128,6581.77
11189,6751.15
12257,11418.92
10769,5680.80
11834,9187.48
11867,14391.00
12288,11735.89
10827,6740.54
11718,8085.71
10967,8020.64
14164,18356.31
12388,12944.95
11243,7327.42
11504,11061.01
12216,10631.78
12845,12302.82
11375,9009.34
12266,7684.90
12497,15257.01
11306,7402.84
11543,8104.22
11608,8192.10
12003,9371.06
12403,14401.36
10746,5566.10
14223,18989.79
11356,9671.82
12337,8956.87
10575,5658.29
13566,10925.18
10527,6318.55
11922,5439.25
11686,6919.32
17908,34561.12
13247,12788.15
11000,6663.95
10949,6628.80
11044,7494.78
13082,13349.46
11312,8256.33
10505,6904.79
11221,8082.87
11401,7028.80
12413,11644.08
14284,19764.24
10803,7915.35
12738,14407.60
12218,10267.36
12206,8145.01
11270,8843.25
13864,18208.72
11190,6492.77
11268,10313.54
11354,6103.41
13707,15977.23
11430,7294.52
11094,7621.07
11245,6973.77
11750,7653.03
11528,7494.75
13645,15697.73
14154,13821.89
11497,7019.01
11631,5851.95
11047,5533.16
12051,10750.63
12523,8464.98
11618,11158.57
10444,6916.21
12450,8865.13
11150,7877.11
12184,10935.35
10711,6601.40
11858,7880.33
11735,6887.42
11028,6862.75
10638,6525.07
12113,7874.88
14588,25633.57
14843,17421.23
11911,8358.96
10982,7595.11
11144,8524.51
10775,6785.96
11536,6361.03
10836,5990.13
11812,7798.28
11372,7269.17
12719,10912.90
12451,8333.89
10902,5576.84
11069,7933.36
11381,8288.72
10856,5775.22
11174,8247.12
13869,21620.62
11288,10189.30
12954,11057.71
10399,6669.68
11365,6695.30
10772,5580.85
11129,7493.29
11599,12781.05
12085,9039.83
11150,5963.62
10283,5495.29
13050,9982.76
11059,5637.67
10946,8060.33
10864,6953.58
11349,7199.66
12942,22935.97
12373,11177.68
10247,5133.73
11355,10519.64
12770,16578.33
11091,8526.06
11028,6782.73
10537,7505.32
12340,10196.18
12866,12427.96
13185,12382.50
12184,10906.00
11316,6243.09
11393,7693.32
12021,11192.65
12968,13065.75
14147,18446.20
11013,8144.63
11603,7209.70
10678,6358.27
12968,15945.71
10847,5657.88
11764,9567.27
15735,34924.01
11596,12355.10
12026,19861.53
12471,14698.04
11057,7907.85
10943,7951.75
10952,7897.36
10767,6744.66
10503,5832.52
10917,8270.18
12398,16746.42
11445,8195.35
12506,9725.40
11944,13981.93
11008,5546.28
12983,11897.31
12208,9423.86
10907,6909.41
10643,6525.18
11110,5815.29
12227,9254.23
12015,12051.56
10896,6990.94
11475,11343.66
11577,10691.15
10836,8747.80
11274,10310.67
10787,7381.91
11573,8386.38
11230,7509.95
10564,5709.19
11840,7162.51
11337,8367.30
11508,13155.43
11773,6896.22
13400,18971.02
9905,6821.25
11307,7038.14
11768,9980.70
12004,14992.09
14661,22856.92
11929,8217.96
11021,11220.08
10378,6237.92
12148,8554.66
11378,6125.79
12171,9198.89
11105,9065.30
12497,6255.14
12420,8406.78
11586,6067.67
11175,6996.25
11033,9050.10
10648,9095.17
10976,9856.26
13152,10457.91
11283,7193.13
11377,9580.17
13432,17794.95
11115,10910.06
10650,7130.80
10692,5404.33
10562,5756.04
10801,8407.74
11082,6550.23
12281,8328.30
10029,6483.71
9530,6028.69
10484,8157.39
10813,7735.56
10433,7064.33
10854,10191.53
10245,5563.67
10616,6391.41
10990,10929.93
11996,8777.85
11249,7845.85
9630,6176.54
10243,6491.59
11213,7387.97
11085,6643.14
10140,7734.81
12002,10887.74
11914,11964.86
11505,6152.34
15286,23949.89
10565,5934.36
11409,8167.44
12864,10720.32
11970,8864.77
9822,5505.32
11569,10690.32
12611,13438.37
12322,10294.81
10426,8329.80
10954,7447.85
11289,8219.70
10999,6648.04
15473,35330.10
12596,13707.78
16441,27601.81
10452,6685.34
10095,8040.12
11942,5866.95
12369,13652.31
10269,9460.87
10637,5610.07
12034,9265.60
11953,7960.65
9725,6517.94
9988,6419.95
10865,6909.55
11283,8642.76
11380,8844.18
11094,7154.71
10383,6266.79
11807,15951.44
11890,11653.68
10933,8052.08
11825,8643.07
11715,11470.27
10130,6230.66
12097,6136.46
11107,8255.36
10963,8146.05
10272,6974.33
11538,6876.62
10676,7027.25
11606,7454.32
12974,12407.86
12724,11111.86
14619,19164.96
10498,6233.10
10182,6407.11
11818,9478.75
12425,10124.19
14183,34915.40
11417,14334.43
13059,29353.14
10664,7366.00
10063,6962.91
12707,13993.51
11291,7678.08
9743,6755.22
10625,8115.82
11370,7451.22
10764,7534.28
10746,10681.50
10545,6742.45
13152,8053.34
12825,10096.46
11964,7506.61
11439,7614.87
11077,7606.60
13811,12922.23
11316,9407.69
12155,14571.38
11131,9297.04
12341,11284.49
10555,6807.57
11398,8303.48
11029,7886.91
11486,6201.01
12436,10125.95
12618,9123.85
11047,8001.80
11805,9428.99
11046,6953.75
11065,7218.27
10944,6131.65
11763,7897.89
13317,21728.16
11415,7720.88
11393,6296.94
12880,8567.55
12069,12332.75
10798,5887.62
12338,6726.39
10262,7136.76
11528,6662.22
11609,9183.87
10956,7655.90
11706,7424.41
11774,8499.21
10196,6515.73
11452,11684.58
10087,7287.21
10994,8284.30
10995,7055.92
10890,6070.72
12658,14090.43
11176,13803.22
10490,6263.31
11119,6355.08
11191,6843.74
10512,7813.44
10391,8082.70
11415,8854.16
10893,6876.46
11953,13802.54
10497,8679.63
12641,13381.91
15084,17311.46
11201,6342.96
11510,7271.39
11279,6614.84
11201,8706.01
13172,17920.34
11241,7245.09
11892,8803.41
11163,8845.59
10218,6428.56
10882,8379.77
11666,7042.93
12656,15896.36
12522,11294.86
11558,9065.32
11535,5751.77
12012,6703.84
11731,6595.61
14400,23441.97
11928,8352.67
10173,6303.68
11251,10565.56
10241,5331.52
10533,7633.05
10648,8012.42
10201,9695.85
13628,13766.31
12983,11986.38
11439,9039.16
11938,6760.49
12021,6800.10
13095,15498.05
10452,6890.47
11291,8171.62
11777,8811.37
11310,5951.34
10200,6660.44
12794,11722.48
12307,11553.38
10410,7283.04
12877,12942.22
11320,8180.38
12291,8912.99
11229,10874.67
14128,17004.30
10335,7391.23
10295,8051.87
10960,7948.11
11353,9343.27
11525,13710.44
12109,14537.87
11794,9240.09
11562,12545.00
13699,18786.56
11152,5923.18
10832,5566.17
11903,13136.65
10569,7335.49
11261,9899.16
11814,9532.65
11516,8045.01
10513,7701.61
11090,6625.93
11459,13426.55
10807,6219.87
11859,9565.47
12897,11438.05
11144,7194.06
11764,12987.90
10619,7696.97
12748,11897.33
12980,12466.25
11639,5890.82
11903,10522.07
12832,10419.08
13932,16191.68
12992,17056.06
12217,10100.80
10964,10139.42
11212,7904.63
11416,8377.17
11562,10561.43
11254,12080.27
11459,9261.20
10866,6305.12
12353,13557.73
10505,8523.48
10452,6608.74
12191,8372.07
13215,12718.91
12160,12423.53
11098,9088.24
10874,8736.50
13395,19674.52
10806,6685.72
10883,7759.13
11626,10947.98
10865,6167.67
13213,14303.20
11762,10431.60
16246,25126.19
9803,6228.40
11827,11847.53
12595,11910.01
11003,6477.43
13126,11289.59
12788,11042.60
11359,8039.15
10912,8034.82
11545,8592.39
12492,10478.74
12018,9787.77
11131,10383.86
11968,13074.35
11182,8115.39
14235,19890.05
14624,17159.16
11188,6676.00
13070,14736.52
12543,12520.41
12335,13117.57
10685,8931.20
12332,9282.80
12033,10089.79
12697,11221.94
11250,5902.49
13367,14021.42
11743,6936.57
13212,10754.66
11312,6215.05
11651,7288.84
12426,8103.25
10990,5972.82
10766,7846.45
11544,8507.94
10037,6494.25
12468,14361.58
10935,9926.66
11905,9414.15
11116,6616.76
10825,7149.75
11538,9174.91
11201,6893.06
12100,10964.12
10637,9052.35
10778,6416.67
11341,8712.07
10729,10353.48
10642,6866.74
13546,20861.08
10472,7617.18
10384,8071.94
29355,71217.86
10390,6441.44
11272,9815.96
10495,7388.24
10912,6634.59
13902,19138.66
11939,10696.91
12265,11861.58
11137,7309.63
12079,8327.24
11898,10142.25
11379,11415.17
15058,24784.83
10445,6268.13
12633,15118.54
13510,16249.39
12838,10141.20
13316,17634.00
11398,7059.40
12732,15598.59
11712,9233.26
11283,9369.37
10423,6953.69
12264,13229.11
10737,6954.57
12141,8469.19
12281,12594.87
11078,6352.18
11443,6379.11
10989,6787.15
12549,16164.25
11085,9375.73
12243,12436.18
11681,9431.32
14953,27062.18
11986,7744.18
10959,8567.07
11503,6674.55
10746,7231.60
11421,6839.53
10789,6239.19
11636,6838.44
11068,8245.09
11071,9754.29
16777,37995.94
13170,12480.18
11851,8957.09
10529,8755.45
11871,13667.12
13133,14245.71
12106,10663.10
11047,7884.35
11869,12196.10
11776,9597.11
11285,7019.51
12509,13049.45
11664,8112.29
12203,14267.08
11259,8584.96
11747,8372.20
10142,5729.77
14074,21203.74
11723,10736.91
10555,6254.58
12330,8819.61
11769,8362.95
11622,10490.08
11792,6129.19
11639,7367.43
11579,6793.54
10605,5111.48
12282,8392.86
12508,11998.54
12019,8463.24
13117,14197.60
13725,16287.38
13691,17734.52
11153,6897.80
11109,5118.68
11240,6463.51
12572,11815.70
12302,9295.83
11607,9035.24
12101,9282.08
11292,8807.93
12808,17627.93
11111,7232.84
11850,10338.34
10703,8101.75
12994,14482.04
10624,10713.92
10033,7920.58
10733,9779.21
10547,8348.14
11262,7065.42
11430,7194.96
12348,9583.60
11489,8591.17
11370,9930.32
10980,10122.31
11429,6065.87
11156,7749.60
12279,9811.52
13030,11637.38
10575,6161.28
11046,6697.54
11077,7462.81
11841,11136.65
12589,8393.67
10786,8099.62
10764,6006.01
13120,21996.04
10629,8085.40
13091,13696.33
13246,14976.94
11625,9243.88
11618,11825.80
10814,9255.30
11506,9136.65
11263,8416.01
12413,15969.66
12510,8886.91
12872,11285.48
12147,7720.04
13566,15493.10
11935,7198.47
12858,16199.71
11113,9346.93
11193,8215.72
14529,32763.88
10754,7660.90
12707,11959.04
14883,34344.17
12169,8131.39
12534,9718.02
12323,9103.21
11375,7290.06
11754,7914.84
12880,10926.78
11897,9901.71
11725,7231.57
13269,10623.83
11916,6670.03
12875,8045.10
11732,6153.79
12177,8953.58
12189,12440.39
12712,11312.88
11112,8371.11
13056,12577.31
12357,10281.12
11530,9293.33
11311,8981.58
13423,17187.61
11711,11705.78
12885,9500.16
10892,6983.03
13083,21337.93
12319,13965.49
13305,15916.61
11658,7612.59
15650,26172.72
11351,9017.05
10785,6403.31
12127,12817.14
10962,7342.47
11574,7877.66
10963,5334.45
11591,8809.55
14416,14910.48
12278,8717.00
13094,12856.58
12591,10906.35
11364,6517.70
13610,13595.24
10232,7911.21
12438,12695.41
13582,13845.03
11807,6871.24
12298,8919.04
11800,8305.98
11431,8282.34
11116,8369.69
14833,23048.24
11002,7794.63
10920,8359.81
13753,11644.17
12286,7258.13
12032,9863.26
11404,8236.83
10714,6747.41
14165,21891.38
11107,6797.25
11204,7845.92
11984,9941.15
12274,8986.93
11799,11395.15
12289,9518.36
13486,9905.62
12115,8446.80
11654,10023.48
11173,7693.44
12383,12938.15
10882,7168.05
12110,19823.68
10769,6823.42
11980,7723.60
11906,14455.45
11253,5871.07
11826,7082.68
11468,11962.75
11028,6434.27
11298,7252.50
12656,11545.70
12078,13328.47
11741,9895.64
11101,10262.55
11683,13047.83
10933,8457.40
11611,8117.75
11558,9480.60
12651,10813.19
13107,18981.24
13812,18255.36
10295,5814.87
12617,12121.54
10550,5242.35
10591,6501.82
14624,17716.94
11809,9567.32
13558,17003.82
12013,10819.11
11530,9566.60
12135,11559.74
13009,14388.77
11497,7790.23
12977,14391.67
12728,14932.48
11542,10147.59
11910,12401.36
10909,6325.62
11539,9487.54
12699,11947.85
10989,5804.39
14105,26641.20
11206,6502.56
10766,6344.49
11498,8227.95
15024,32109.01
10753,7221.43
12219,11071.10
11659,8882.71
10107,6197.21
10788,5558.97
10268,5810.30
12785,15748.04
10267,7130.35
12978,14634.53
11776,8943.24
12880,15790.53
11986,12303.35
12517,13817.00
12077,7266.86
11438,10460.15
11132,7013.52
11472,6088.84
11806,9350.67
11242,7182.21
15858,19929.62
11983,12310.79
11934,10094.40
18150,38756.00
11751,9635.43
11455,8059.59
10212,9190.70
11677,6329.79
13255,14549.99
12650,11271.18
10948,6519.65
11235,9907.86
13638,21949.54
10084,7209.71
11606,7646.82
11586,13759.12
11481,8004.91
11042,7296.06
12306,10459.36
11097,6801.52
11087,8906.23
11721,9214.60
12140,11637.97
11706,9026.32
11160,6786.56
11545,9373.19
12362,7527.14
10470,9928.64
12566,8826.16
11564,7156.70
10440,7672.30
12529,14939.32
10880,7915.96
10664,9008.91
10439,7102.50
13969,14292.33
11658,9080.05
11338,9807.00
12503,12881.37
13534,21920.81
11936,7021.05
12452,8268.75
10942,6907.66
11306,9325.60
11481,8985.66
10483,7938.14
10293,7463.05
12156,10311.53
12236,9322.17
11675,8752.92
12101,15768.87
11253,10797.26
11569,7492.66
11252,5308.22
11487,6727.10
13768,20754.59
10528,5789.55
11513,10431.02
11086,8202.45
12966,13366.58
11676,7552.15
15451,32654.34
11098,5469.60
11206,11802.21
11719,7638.42
10460,8332.55
11369,10292.50
10664,5870.97
12335,22740.70
11689,7996.76
11183,8495.47
10875,6984.92
10892,7337.46
10173,6143.57
10305,6602.17
11361,7215.04
11875,8491.02
11035,12043.79
10703,6859.70
12050,15109.24
12198,16330.85
12473,13493.58
10882,6220.69
10440,7873.33
10445,7501.93
12590,12233.36
16633,31447.90
11451,9844.00
11112,7704.67
12478,20287.55
11552,6832.57
11593,7809.21
12402,8651.85
11128,6447.58
11455,7535.48
10842,5725.37
11713,9611.80
12011,17463.16
11277,7909.13
13400,13732.24
12399,12424.22
11040,7379.64
15404,19512.73
11023,6502.65
11261,7187.17
13475,15933.18
11940,7074.57
12579,11026.72
13918,20181.24
10863,6828.48
11320,7345.38
11384,7323.42
10650,6126.44
12011,7804.71
11748,8186.14
13954,19657.40
12053,10127.63
11131,12753.39
11366,6847.61
11093,7447.01
11053,6611.13
12265,8666.93
18860,35494.41
11923,8452.53
11704,9156.46
10550,7903.89
12268,10013.14
11908,7346.40
11278,11180.13
15031,24516.75
10992,7692.25
12206,9822.78
10402,6946.61
12198,9049.74
11112,6622.83
13806,16940.41
11264,7898.55
12284,8264.50
10408,6929.62
11195,6967.72
12901,11825.59
13731,12371.85
9838,7354.70
13601,30176.94
11566,15410.56
11520,10840.57
12583,9709.53
12439,12628.21
11409,8106.44
11042,9436.25
11868,13309.99
13661,15113.98
11214,12319.30
13342,17341.40
10644,9091.52
11023,6869.97
10800,10748.02
10715,6830.08
11664,10418.66
12682,15112.79
13716,13796.76
11723,8524.38
12280,12822.87
11227,8561.88
12269,11535.71
11515,10526.38
12911,12909.19
12665,9986.20
11925,9905.16
12266,10195.86
12687,6996.44
12675,11079.16
12410,13349.67
13350,14380.52
12372,11367.28
10660,10314.45
10448,9815.92
11127,8539.50
12021,7455.27
11345,7604.75
11104,9150.24
11488,7132.59
11649,11382.04
10867,5959.52
11487,6647.72
12603,9726.60
12041,12739.09
11112,6782.46
11199,8487.00
11225,8553.04
10262,7389.49
11623,7289.85
12293,7537.45
12167,15024.25
11813,12317.25
13273,10323.09
12845,12944.86
13244,11448.75
12641,8365.46
11858,9082.11
15056,25805.46
12830,10443.72
12082,7931.08
11781,8137.45
13374,13143.92
10873,7205.74
12181,8494.78
13775,7875.75
11504,9758.83
11802,9020.63
11528,7741.17
10670,7485.40
10929,6593.66
13831,16000.29
11156,6404.33
12392,11793.07
10604,6263.26
10865,7501.00
11421,9037.93
11464,6791.18
12579,12339.60
12682,12226.59
12233,10301.47
11614,7213.58
11233,7288.36
11768,8276.52
12118,10481.12
12688,14471.29
11821,8283.77
13253,11788.88
15337,19947.98
12487,10336.75
12758,10848.97
11551,7393.24
11629,11694.05
12597,11798.14
14406,16350.67
11463,9622.22
12257,9927.39
11097,5653.55
11797,7765.49
11306,6017.84
13630,15338.65
11118,4965.99
12385,13142.98
10485,9376.41
15265,32140.47
12575,9914.15
11864,9118.10
11953,10490.72
11901,8129.41
12261,8525.20
11117,6024.30
11996,12117.06
13525,16309.20
13350,15203.86
11567,7270.31
15006,24382.33
11344,8593.09
13361,15607.13
12214,9102.71
13358,15476.35
12876,12357.63
13898,21432.40
12849,12491.25
10819,7065.38
11636,7543.20
11742,8504.12
12468,13906.03
12495,13840.38
12664,7901.19
13302,8628.67
11715,11251.93
11489,6640.51
11059,7964.88
12189,8037.08
10580,5211.73
11793,7727.55
10777,12403.54
11248,8058.75
11623,8779.83
10277,5799.72
11473,9845.92
10769,7410.13
11627,6562.12
11953,11121.71
11923,9467.55
13731,18274.90
11536,7947.00
10879,6773.20
9948,7044.64
11830,7324.87
11730,7983.57
10877,8685.48
13879,24582.93
10686,6093.47
10696,6098.92
14722,25602.42
12101,10105.20
18043,23249.81
13142,14570.36
11066,8111.90
12362,7503.89
12007,8220.51
11106,5699.40
10812,7472.18
12164,8175.51
11267,6286.67
16964,27754.94
11925,11734.49
12705,8945.25
10820,7337.63
11070,5389.76
11162,9229.43
10973,9773.10
12445,11450.01
10961,6934.64
11855,8899.31
11391,8342.60
11818,8260.78
11155,8896.74
10965,6532.94
12237,9797.02
13112,13093.89
11303,8567.95
11769,8611.32
10408,5594.35
11719,8828.33
12131,10376.83
11073,6611.83
12490,19102.40
11332,8748.95
11380,8594.40
10638,7478.25
11236,6754.72
12216,14612.00
14535,20251.01
11466,8110.59
12190,10423.07
12979,14062.17
12214,17786.22
10999,8172.69
10114,5421.55
11297,7361.69
10884,5830.08
13820,19175.82
12177,10594.53
10787,6367.01
10777,7867.31
12880,13573.21
11295,6960.86
10270,7492.78
13675,14000.13
11252,7380.47
12247,9777.98
10644,7886.32
12077,6688.31
12085,7723.45
12299,11976.86
11823,13975.28
11214,9115.46
11939,10252.69
11527,6745.08
11726,6132.45
11164,6724.02
11144,6231.61
12091,16406.36
10736,10271.56
10841,9053.48
11569,7935.05
11852,10511.79
11695,11513.76
11070,9017.75
10381,6308.23
15099,21796.26
12789,11422.61
11961,9962.95
13183,14039.80
13358,11556.64
10646,6754.81
10910,6621.90
11976,7274.79
11448,7414.01
11394,9697.74
11261,7472.85
12436,11950.64
11655,10047.92
14624,22427.34
11652,9392.67
11210,8084.02
12076,12227.28
12515,13115.60
12816,17416.80
11320,7736.83
11695,8937.45
12621,7463.97
11925,5738.82
10645,6671.87
11411,9017.50
10469,6377.64
11780,10063.18
11703,14831.78
15493,41515.89
12962,13984.26
12952,14689.59
10618,8870.04
11220,9222.04
11875,16440.61
13089,12849.10
11741,15959.77
13128,22472.11
11603,8969.56
11679,10325.33
10224,6147.96
14450,22787.93
12091,10673.20
11421,9454.77
10948,7336.34
11572,13596.94
11469,9862.47
11717,10404.56
12184,7986.80
10557,6636.07
12302,9430.59
10775,7891.49
11511,8429.44
10944,7785.40
10874,5674.46
14906,19238.23
10805,7456.93
11556,10156.00
12249,8347.03
11325,10541.69
15453,21344.39
12952,12576.20
11438,7532.31
12395,8406.87
12832,7226.56
12879,12653.24
11146,6858.58
11583,6713.45
12536,10709.42
10678,7492.70
17413,33657.10
16315,31911.45
11281,6701.89
13530,26360.84
12278,15399.31
10292,7258.53
15217,26248.21
13110,14080.58
12213,8927.94
13939,17221.37
12734,14839.87
16493,24628.63
10842,4772.32
11130,8555.49
11935,10980.95
12434,8151.33
11838,8773.76
12570,15734.67
10875,7717.95
15494,18983.48
11393,8288.06
9809,6598.88
11287,13262.85
12148,8540.76
11777,7269.34
11425,8759.50
12428,10740.95
10753,7295.29
13385,17417.18
14207,17518.89
12408,13015.26
13398,21268.69
13125,13203.49
11140,7058.19
12439,6619.02
12238,7832.31
10743,6691.75
11717,7805.29
12018,12026.48
11288,6349.98
10234,5490.12
12314,9889.90
10935,8193.94
12186,11628.37
11870,11861.72
10913,6789.43
12868,10184.58
15333,20025.61
12294,8643.31
16268,26447.57
11952,10206.39
10839,7016.39
11641,8413.70
11840,8001.95
12477,10440.51
11361,7701.21
12531,9130.09
14165,12389.76
13020,8775.54
10331,5481.43
11255,9142.88
12962,11799.00
12815,10680.35
11812,6455.45
11095,6011.83
11440,10215.02
11782,9459.25
16136,26642.17
13481,14265.15
11179,6211.08
11426,8710.45
11659,6540.00
11815,11200.08
11232,7144.03
13112,12043.46
10826,9647.40
12508,14409.78
11949,9023.96
13895,12088.49
13845,14602.86
11975,7401.26
11199,6310.65
14407,18804.09
11706,5343.92
11301,6807.61
11805,8218.13
12244,9889.59
11877,8370.65
14254,25869.27
11751,7549.84
15878,26593.27
12147,14416.37
11251,7877.60
10695,6750.95
11335,8424.05
12511,10066.47
11788,11248.16
12037,8759.50
10820,6488.96
12833,14650.49
11998,6770.82
11687,7313.73
11467,7536.18
12355,10464.76
12710,13939.07
12115,13076.90
16496,49219.02
11742,9046.16
12731,18531.71
11807,9450.43
11732,8480.72
13027,13317.36
11876,10744.64
11756,9862.16
11708,10446.65
10611,7357.18
12115,8066.00
11975,11579.76
11500,5912.45
11873,8883.68
11746,11925.59
12080,11325.52
16219,22597.18
12830,11677.86
15748,20107.92
11365,8097.54
11247,8351.43
10886,7108.27
11752,7212.06
12618,14742.98
17394,39672.46
13277,13355.79
11771,9798.05
11633,8089.71
11305,8548.38
10031,7814.91
11172,6783.32
12358,11327.55
12471,8442.10
13496,18014.76
11452,7450.10
12012,10002.16
11710,8638.35
11823,9030.86
11377,8157.38
12838,12919.59
10245,6012.97
12428,10951.90
10894,7177.01
11676,9148.45
12593,13276.97
12831,12087.91
11204,8602.42
11899,7570.34
11796,8085.28
11553,10472.81
11272,5315.23
10971,7296.58
11795,7461.69
10575,5635.11
10989,5764.77
11717,7582.79
13123,19629.33
12065,10497.44
11268,7819.31
10814,6188.63
13701,17699.40
11980,7625.97
12463,10137.13
12045,8588.84
11689,6604.72
11008,7690.29
11064,7222.72
11953,8654.37
11441,8914.55
10729,5043.62
11315,7749.08
11285,7541.12
10887,6397.90
10901,6922.72
14005,18460.63
13147,17041.67
10892,6454.00
12047,8788.31
11138,7501.37
17434,26895.51
11979,9537.55
11885,7658.30
11540,6200.91
11824,6604.66
11765,10128.14
13170,12546.58
10969,6072.28
11327,7271.70
13340,16579.83
11652,8452.48
12286,10806.35
11903,11060.04
10643,5556.39
10923,4873.89
10921,6702.62
11681,7580.20
15333,22170.65
13654,18695.64
15137,21403.31
12712,10807.63
10891,6263.47
10730,6714.51
11349,6810.10
11491,12217.62
11572,6926.25
11081,6059.58
10346,5887.62
18275,29286.12
11752,7373.35
11371,6828.78
12847,13581.42
11295,7902.20
13548,18719.20
14796,33854.93
13916,21028.00
12725,12001.81
11953,11240.19
14225,15122.49
11619,7186.05
11578,13591.18
13378,25028.69
14884,24985.26
11062,7682.15
10780,6377.18
10996,7026.75
11267,7286.88
14002,8684.67
12619,6633.31
11576,7690.19
13636,18030.20
10501,6828.28
11377,8597.85
13894,15152.70
10873,5874.97
10869,5609.71
11969,7733.98
11741,8647.19
12621,9181.54
12595,10666.04
15571,7773.16
13967,11427.20
12184,7668.81
13427,10945.56
13132,11234.01
11804,7694.62
13996,15196.86
13039,10596.20
11379,8954.36
11064,6974.47
13876,17403.08
14009,13279.87
12748,12273.56
12182,8961.41
11627,10304.66
10839,6307.64
10749,5729.80
10870,5879.35
10188,6617.86
10678,5493.91
10428,5554.90
12522,14802.29
11911,10031.96
12890,11791.68
11915,6866.72
11712,7347.18
10896,5586.46
13183,17051.94
12384,11635.96
12520,9514.53
12133,9050.83
11594,7322.91
10573,5274.79
11619,8329.72
12629,9121.80
11937,6943.19
12426,12909.68
13022,10558.47
12653,10537.65
13790,13277.79
11800,8252.36
11757,7235.78
12127,8353.02
11608,7068.80
12587,15102.79
13450,14144.61
10729,5758.51
11090,6625.69
11168,7519.19
11694,8317.28
11702,7689.02
12598,13603.26
11775,9107.91
12194,10999.00
11049,7245.85
12256,11342.95
11423,6597.71
12021,9901.81
11921,7443.50
11402,8103.07
11692,9354.74
10844,5628.43
12234,11284.96
12418,10312.60
13902,15768.69
11461,6850.05
11370,6389.49
11734,7630.85
10557,6239.28
11809,8629.51
10849,6806.03
10728,8230.96
10665,7762.18
10825,7610.17
11745,8087.44
12017,11660.79
10779,6363.96
12401,9390.31
11241,7114.70
12271,14439.51
11122,7122.31
11230,8690.12
11920,9745.34
13506,18256.79
11475,7714.78
12131,12658.53
11284,8700.69
11322,7621.00
13332,12807.12
11149,7921.83
10931,6646.71
11378,7646.96
12564,10584.32
11271,6064.45
10990,9956.38
10850,6167.09
10796,6481.40
17021,34172.49
13712,14451.73
11775,6226.85
12129,9033.86
11803,9135.14
14797,28810.01
11997,12559.73
10919,8843.00
13886,26403.53
11344,8528.48
10460,5970.67
11489,8427.92
11616,8696.62
11562,8486.38
15513,21766.61
12361,10084.11
11803,8022.49
11541,7234.35
10906,9524.84
10011,7258.23
10819,6963.08
11450,10897.73
12408,13078.03
11156,7628.82
11338,8757.71
10929,7226.98
12090,10786.08
11622,9676.22
11395,7551.54
12129,10128.26
11580,12765.47
10881,6182.28
14488,19033.34
13033,7150.16
11165,7909.10
11072,7160.76
13469,15451.08
12680,10826.15
12305,7610.94
12169,9554.17
10893,6725.38
12935,14635.35
12435,12736.82
12782,10517.16
11337,6114.39
11240,8286.44
12166,9445.86
10901,7546.71
11523,9402.75
10999,8264.76
11238,8298.67
11433,10651.94
12005,10248.85
13401,16732.48
11212,8816.49
13338,20565.28
13841,18117.97
11301,9584.63
12827,10053.99
10907,7956.95
11642,8613.87
11365,7430.03
11986,15616.30
10646,7985.14
13013,16012.71
11720,7572.08
15607,21763.04
11413,8195.98
11542,10070.06
12388,14461.75
11148,8684.11
11709,8556.45
11515,11789.14
10425,6674.24
10657,7706.38
11903,12393.48
10585,8773.34
12725,14527.75
11347,6266.44
10870,7452.31
10092,7851.95
12553,12128.22
11351,7288.00
11311,6590.54
11466,7024.68
12551,11673.07
12355,12596.68
11073,6995.91
11573,9039.10
11753,7205.29
12477,12499.00
12200,11825.31
11185,7823.23
11110,9366.19
11093,7959.11
13725,15338.72
11259,9154.16
11404,8969.25
11640,9567.63
10453,7628.50
12225,11653.80
12341,10828.72
12870,13237.37
10991,6781.35
11490,10164.66
10239,7064.60
11557,8246.71
12186,10898.39
16136,31064.82
9956,6906.48
12247,10473.52
12502,8719.97
12009,8860.81
12352,10794.37
10624,8049.08
11773,8400.99
10948,5363.37
11429,8513.04
12190,12168.40
26281,79905.02
11036,8432.11
12451,14090.76
13095,13679.67
11055,7503.79
13225,15540.24
11030,6596.64
10934,7569.95
11331,10312.40
11111,7537.67
10118,6043.58
10765,6935.18
11495,7814.85
13032,19757.24
11875,8327.22
12483,10782.41
11585,12655.12
13736,16888.03
14174,19106.95
11341,8089.61
11520,8244.42
11032,6163.68
14206,26223.84
11415,5848.76
11699,7426.07
11620,7882.91
17087,29116.18
11677,8108.05
10274,6863.16
11158,8477.98
10769,6022.80
12955,21504.71
11869,13177.39
12154,10327.58
10560,5525.75
11031,8408.46
10552,6257.95
12105,10183.24
11627,9118.87
11391,8740.33
11816,9605.14
11247,6947.10
12592,10084.87
10924,6689.19
14308,22935.50
12196,12058.32
11891,7877.18
11081,6041.02
11356,8547.37
11540,9923.91
11992,9376.32
13696,24748.50
11651,8156.68
11254,9533.57
11425,8507.96
11073,7367.07
11206,12365.68
10851,6935.36
12921,13974.54
11843,7948.69
12581,11675.51
11478,10169.62
11028,7859.55
11498,6948.40
11332,9028.15
10974,6344.38
12074,11588.50
12503,11348.22
12218,9769.49
10794,9544.99
11173,8564.16
11138,13400.32
10569,6442.67
10624,7501.73
15658,18575.14
11179,7868.64
11675,6438.30
13366,24845.72
12126,9046.95
12469,13665.71
12134,7229.33
12855,14326.98
15405,23893.85
11945,7277.38
14663,18665.74
12146,9880.65
11855,9083.02
12149,9340.46
11458,8366.02
12155,11646.17
11068,7248.83
12045,12211.85
11562,7839.88
10823,7101.43
11779,9479.18
10871,7176.47
11720,8867.33
14246,13480.45
14043,19021.62
10478,6174.56
10789,6761.51
11859,9037.07
11206,5871.59
11496,8333.36
10813,6182.55
11872,10599.00
11492,7709.89
12928,11967.40
10857,5191.20
11350,6673.69
13679,19328.44
11128,8152.69
13054,21309.12
13126,14124.19
12011,11821.73
10035,5748.61
11090,8501.89
11622,8444.31
11829,10018.31
11453,8862.29
12537,8775.36
12874,15031.45
12131,9351.64
11006,8132.21
11970,9822.05
11419,9572.78
11753,7599.91
10674,7392.87
11571,9008.09
15780,24426.51
10972,6935.39
10954,7963.45
11466,11706.42
10207,7188.96
11142,8440.61
11664,11689.65
10437,7667.46
12233,14240.29
12263,11802.66
10639,7912.19
11441,8822.94
12924,15553.48
11484,9260.13
10425,6562.19
14443,18348.47
11600,12588.89
11384,7993.52
11021,5828.30
9961,6810.55
10743,6150.20
14887,25868.17
10269,5684.57
12939,14704.45
13590,11701.38
11928,8204.94
11646,10351.04
9946,7429.26
10973,7373.88
12287,9761.64
18389,42403.92
11528,11131.15
12215,20581.38
10336,6217.34
10804,6346.70
11561,7606.32
12768,13766.58
11290,7140.26
11743,8365.82
11532,7828.51
11041,5861.43
11056,6727.09
14279,16414.70
12407,9968.78
9350,6470.82
11174,6159.70
12263,12842.69
16773,28047.16
10999,9327.34
11365,5891.03
13041,13314.49
13896,21698.58
10584,7958.42
10411,7858.41
13856,15697.06
10333,7667.48
13411,20373.42
11081,7317.49
11078,7087.54
10958,6295.59
17831,31619.19
10167,6929.91
10968,7331.09
11354,8007.11
13089,16456.35
13540,16211.88
11034,8230.55
11755,9539.35
11112,5846.34
13596,9708.63
12718,13118.17
13288,10952.76
12051,7349.68
11896,8434.94
13166,17705.99
11877,8650.18
15051,21920.85
11415,6693.77
11051,5600.85
12038,11037.00
10889,6242.06
12953,12338.34
13808,15346.21
10629,7526.47
12362,15756.79
11173,9823.45
13224,23799.11
10908,12107.19
10892,7993.21
11731,7630.28
12656,9971.81
10916,6001.25
11775,8830.00
11975,8827.75
11182,8800.53
12991,14916.95
10844,8503.37
10687,6154.29
11079,9707.25
10861,7551.85
11571,9414.47
12415,14540.84
11228,5887.60
11651,8892.96
12300,10319.40
11824,8782.51
11004,7663.75
11153,9442.66
12092,11440.67
10706,6437.47
12590,15327.15
11437,9191.55
10992,6885.48
11786,8437.16
11352,7204.09
11287,8476.19
11417,9607.33
12451,10175.02
10864,8214.50
11259,8450.41
11730,9002.77
12341,19925.84
10125,6608.37
11181,8823.63
12685,11456.04
11868,10935.89
11977,11111.48
11020,8525.00
10414,4951.45
10892,6436.42
10197,7579.29
12747,13409.47
11141,8849.09
10766,6363.29
12387,17460.23
11139,8426.08
9809,6276.22
10422,6964.78
13122,16037.39
12414,12081.41
10848,8449.95
11730,10740.24
11613,11743.76
11674,8037.07
12753,12840.63
11951,8656.23
12109,8320.85
14245,18882.02
12047,11074.75
13144,15807.41
11337,5604.05
10623,6272.55
10664,5298.88
10941,6022.21
11969,9029.85
11818,6180.26
11840,11938.08
12292,9295.71
12254,11573.07
11304,6982.18
11513,9801.31
13051,13755.86
11838,9034.01
13171,11900.74
12625,10484.32
11832,11002.82
11621,7389.02
13220,13671.46
11595,8824.88
13591,9417.04
14480,18415.46
11202,7709.15
14637,18773.51
11893,9811.16
10457,8263.01
11062,6679.19
12578,11518.72
10535,6862.69
11369,8326.86
11573,9102.50
10845,8194.41
12346,9524.16
13050,8560.53
11295,6994.69
12403,13056.78
11060,6438.68
11684,7269.82
13171,13788.12
11119,7755.85
12112,10270.56
14039,21183.55
15192,16899.12
12239,11639.26
10096,6610.86
10022,7572.41
13648,19946.40
11188,6105.78
11159,7887.07
11064,6109.64
10585,7273.33
10835,9103.30
11919,9390.43
10882,6573.49
13187,18370.58
10705,9256.82
11439,7950.72
11332,8639.78
11493,6969.34
12034,11302.22
13336,13210.25
12130,10823.71
10882,8725.46
10781,6794.47
10439,7706.10
11446,9176.19
13813,17986.56
11524,8573.80
10436,8235.31
11303,6349.92
11925,10108.01
11357,7636.10
13963,26707.71
11822,10799.53
13283,14368.39
11607,6769.61
10974,8493.58
11508,7893.72
11481,9740.26
11984,7725.87
11434,10113.31
11365,9779.97
13775,21152.41
10595,7673.68
11512,6433.10
11164,9033.62
10894,6168.26
11811,8727.85
11056,8477.29
11664,8089.66
12367,9431.26
12859,15909.50
10590,7450.22
12910,8012.89
10439,5726.26
12481,20191.02
12084,6790.72
11747,9640.75
12043,15256.56
11545,9081.83
11253,8031.10
12247,16868.67
11295,9494.55
11756,7100.98
11487,8522.60
12073,9688.63
11094,6374.39
12684,11762.44
13190,17130.57
11944,10707.09
12600,15870.99
12816,10798.10
11803,6477.42
10702,6869.08
13724,19938.93
12962,15731.41
14274,21032.50
11458,7571.54
11598,7862.74
11349,6851.24
13544,17178.87
11354,10124.21
10498,7008.60
13661,9594.82
11847,8597.95
12971,10087.25
10639,8071.42
11116,6932.56
12721,16319.45
10761,7600.43
11756,9700.35
14938,23194.60
11641,11550.81
11492,6326.10
11096,6856.17
10803,8647.01
11526,11926.18
11455,7744.73
10546,6922.97
10164,7227.79
13018,21734.67
12101,15143.58
11779,10782.68
11219,8122.31
11000,5753.21
10308,6529.50
10151,5707.00
11556,9698.31
11023,6668.42
11146,8772.47
11264,8086.82
10774,6960.02
11843,10032.19
10433,8602.45
11803,9362.75
10710,6587.16
11639,7829.02
10713,9804.47
12020,9911.31
11546,6614.85
12631,11570.01
13101,12955.85
12559,10924.60
11826,10786.07
12321,9962.92
10605,7164.85
11636,8105.81
12741,14061.09
12087,9376.13
14036,18497.61
11723,10015.89
15457,24744.05
12264,7454.37
11123,7102.37
13902,12112.62
11557,7817.02
11521,7207.13
12524,9901.46
12230,9484.58
11233,6927.94
11752,7868.59
11886,8012.67
14908,20610.50
13712,12021.81
12093,8111.88
13185,13965.24
11297,6861.79
11982,9028.77
12234,9764.78
12794,12061.54
12799,14128.53
12052,10023.31
11650,8886.34
12140,8255.32
12083,10237.77
12162,10499.33
11693,9886.38
12081,8805.58
12837,12512.00
11965,8718.59
11791,7816.19
11321,7677.06
11281,7621.61
11924,9124.68
12548,12139.97
14059,17331.65
10955,6681.04
11057,6018.04
11293,8712.55
11755,7679.56
10949,5995.74
12042,11739.79
10578,6815.74
12055,12237.59
12894,8440.05
12553,10875.54
12185,9446.25
11147,5504.88
10767,6043.40
11122,7044.05
14760,17886.84
20956,65467.88
11343,8749.07
12326,10290.06
10833,6885.96
11464,7747.91
11160,6604.42
12503,11196.64
10438,8833.25
10666,7607.71
13581,10028.98
13146,13362.36
13526,25022.86
11902,11517.60
11927,13409.70
11816,9505.83
14342,19986.53
12837,20395.99
10361,5821.71
12933,11071.51
11763,10521.99
10630,7869.03
12125,8683.38
14199,13938.64
12125,12551.65
12362,10364.34
13801,15258.96
14714,23362.66
10987,6378.13
10631,6592.96
11761,10536.83
12965,11629.12
11304,9570.11
11785,8990.93
12614,10046.97
13315,12184.92
12430,13823.27
11899,11251.70
12614,10548.71
11374,10380.76
11477,8350.54
11744,10116.43
11284,6858.57
11619,6579.90
10704,7015.36
11471,9273.46
13229,15264.18
10403,5537.15
11867,11322.39
12036,8511.47
10467,6778.73
11910,12392.59
14610,26830.78
10893,8580.09
12008,12191.93
11485,10607.29
11235,8473.44
12099,12015.48
10743,7368.47
11910,9306.05
15816,32737.05
11691,9032.63
13384,18971.57
14427,22651.88
11352,10488.97
12508,15469.90
13620,18906.59
12403,11897.26
11233,8078.72
11394,7081.75
14198,15318.79
10935,8143.45
11998,6637.42
11844,17496.66
13942,16736.18
10859,7050.42
12290,8413.08
12799,9786.54
13059,14474.42
11255,7897.16
12068,6643.12
13725,14859.24
11717,8290.85
11400,6064.41
12212,7270.27
12321,8906.55
12669,8171.17
10984,6325.15
10374,6686.02
12635,9652.06
11624,8630.94
13276,21999.71
12989,14058.76
12155,8167.71
12091,11494.14
11146,10604.17
13601,17779.74
11057,5460.65
14146,18671.39
11854,11864.46
14918,23612.34
10757,7209.32
11943,16636.34
11438,7723.21
13440,17699.17
13764,29349.27
13085,17713.26
12108,8328.41
14501,19965.93
11077,6308.44
11308,6833.83
11311,8980.20
11887,12493.74
10596,6033.83
13212,14343.49
12487,7824.33
12066,7289.25
11701,7326.61
13036,11749.22
12137,11285.62
11257,9853.10
13622,18077.97
12938,11780.12
12911,14179.91
12469,12067.45
11736,9119.65
14967,19974.00
11878,11568.84
11823,8600.91
11924,10644.27
10837,9233.27
11309,10281.19
12607,14576.54
12552,13633.37
10626,6405.30
10073,7603.68
11847,6212.31
11919,9316.51
13911,11920.58
13963,22641.23
11542,8559.52
11427,6816.30
12079,10847.34
11216,8240.57
13827,13049.76
11975,9910.68
10008,7347.17
16280,24742.67
12062,8724.61
12519,13376.97
11237,8655.72
11442,6934.05
11187,6981.13
11530,8230.96
11577,12667.06
10852,5815.65
11611,6435.70
14935,19373.92
10902,7089.21
10829,8149.97
11677,11454.60
12586,12393.74
10025,8400.44
11588,6879.46
13757,11990.47
11842,8406.80
12657,11592.75
12891,18091.98
11741,7712.74
10491,6249.50
12199,10512.03
11783,8153.67
12023,8863.98
12497,7622.33
13243,9078.85
13863,16686.64
13593,10354.35
12030,11350.42
15246,23225.42
13879,15886.39
11619,6772.86
16539,25517.85
11877,10315.71
11787,7590.34
12130,8682.45
13098,14119.75
11210,7535.90
12572,10375.02
11725,7315.69
10625,5442.55
13721,18348.40
10823,6550.44
12217,12028.17
12357,10164.08
12012,8391.44
11199,7405.78
11778,9387.32
12852,11417.71
11483,7189.26
11786,6836.27
13387,12429.79
14841,19136.35
11324,7654.85
11986,8644.34
11689,8396.72
11503,6147.08
11217,5593.19
11559,8449.28
14671,18967.11
12541,10394.29
10634,6129.82
11513,7278.72
13264,13277.49
10409,6725.38
11177,8184.97
11869,8517.58
13349,14276.71
11186,8430.70
14787,17011.92
12056,9412.82
12893,10798.22
11538,8579.46
10757,5975.95
10708,5788.23
11496,6198.04
11321,5656.69
11878,7834.32
11419,8007.29
11627,7407.10
10944,7138.53
11946,8845.77
11685,7033.70
11261,7437.25
11154,8044.43
11520,9538.40
11684,8671.37
13050,11242.87
11836,7980.22
11989,9846.68
11079,5765.44
11365,9011.80
10550,5424.82
10837,7618.94
11574,13651.57
11388,12018.66
13088,12919.81
12503,10618.01
13383,15524.55
11136,5572.88
12144,7787.44
11918,8905.40
11025,6296.65
14870,18956.64
14037,19511.68
12945,12075.44
11350,9356.41
12096,11460.54
11143,7676.80
11820,11846.73
11637,8897.83
13152,18576.39
10924,6830.03
11776,7436.25
13797,19086.10
11315,7289.58
13119,14118.36
10898,6247.39
11406,5964.40
12606,15486.01
13000,17252.80
13107,19515.72
10770,7387.30
10434,9040.48
12067,8359.63
13048,13611.91
11680,12164.15
13577,15049.39
11352,6095.73
12264,9302.58
11331,7522.15
11806,7200.01
12529,12271.88
12098,8573.35
10900,7953.63
10296,6315.64
12830,12163.47
12125,12488.33
13834,15644.81
11663,7310.86
11424,7417.01
12231,8387.62
12311,11534.91
12205,15722.62
10619,6527.28
11212,8056.94
13037,7209.40
11938,9294.50
10888,6299.30
14833,20513.41
12320,11398.93
11253,9054.86
11913,7786.66
11123,7161.73
12434,14347.20
11874,8185.78
11061,6904.10
11093,7316.40
11463,7922.44
13887,16937.68
16152,24111.56
11884,7847.03
10966,6399.58
11556,10219.50
10966,6120.86
10845,7151.16
11119,7735.44
12247,9876.90
11313,7326.71
12306,9611.81
13620,23559.85
14177,20872.34
11462,9810.14
10808,7804.96
11492,6784.93
10819,6845.38
12406,10022.64
11309,7651.03
13424,12859.50
11579,9388.86
11587,9444.98
12580,10711.37
10201,8164.38
17471,26954.71
12138,8636.55
10896,6953.54
11204,8685.47
12255,16961.48
13123,9953.95
11835,7131.32
11759,9772.24
11486,13849.88
12094,8364.68
10831,6366.40
11141,7362.44
11014,8676.83
11553,8171.62
11883,7318.00
12671,8575.85
11576,8988.01
19880,30203.77
14616,13636.81
11048,5552.53
11528,8257.50
12558,9829.85
11294,8460.19
11877,9703.58
14590,26583.49
12933,14077.48
12274,9242.83
12091,9659.19
11139,6601.33
12299,8285.16
10597,5139.53
10997,6639.12
12137,8470.21
12470,11273.20
11626,6678.29
12461,9563.02
12505,15714.68
11211,8026.00
12820,14595.19
12045,8706.64
11190,6363.55
11786,12120.77
11029,7338.91
12943,13433.59
25210,83999.18
10105,5291.98
13347,12835.22
10287,5768.49
14813,18905.24
11056,7219.05
11738,10839.81
9972,6341.97
12780,9195.26
11721,7852.74
13073,8921.14
11082,6331.43
10276,5599.55
12155,9266.28
9275,6385.22
13367,8856.50
11216,6789.70
11233,10889.72
11537,6292.14
12529,8418.71
11720,8230.18
13474,11576.61
12000,7455.54
11427,6678.16
11142,7914.29
10931,6304.15
12480,11143.13
13678,14898.20
14251,8527.65
11408,6631.48
12713,11581.15
11431,6459.46
12061,5827.67
12413,9653.19
10845,6858.91
12085,12468.88
11103,8072.45
12163,8611.15
12392,10709.01
14034,13930.57
10930,5861.74
10668,5199.47
11594,11748.60
11586,8892.84
11106,6418.57
14820,24228.21
13655,13912.24
14295,23875.34
12088,10791.25
10710,5086.51
11406,6086.30
11768,7550.31
11539,18012.46
12088,10616.92
11690,8036.05
15320,19554.64
10235,7503.98
11321,6347.40
11340,7844.53
12489,11821.91
12078,9926.44
10583,6556.43
12987,19186.64
12168,8329.57
11236,6760.13
13731,19227.07
13020,14544.54
11190,9164.10
13710,9688.82
12820,11442.34
11963,10856.22
14791,18156.73
17227,45866.48
11727,7608.84
13644,16769.88
12425,8044.86
13120,12827.40
11067,6223.70
11831,10446.91
12268,10382.13
10672,5750.14
11299,8896.76
11494,8179.99
11622,7609.10
11920,7649.07
12207,8677.78
12294,9336.87
12363,10497.35
11405,5012.20
13267,14846.78
12350,15487.88
11893,8881.46
12084,9764.97
13045,13895.60
12030,7093.02
11720,6287.32
10957,6686.20
12495,9051.43
13742,9487.52
13076,16241.58
10545,7003.88
11723,9207.03
10710,5436.25
10794,7470.39
11347,6918.68
12724,16017.88
12319,9606.69
12656,13960.52
12176,12829.86
11647,9507.20
10526,8544.96
11845,8724.14
12334,11652.28
11158,6905.63
11345,6780.63
10927,6164.85
11441,6852.31
10675,5487.96
12286,9859.95
13364,21033.33
11244,10353.09
10961,5972.42
12364,10259.61
12037,10115.72
11497,6969.34
10860,5564.68
11447,8425.95
11948,11980.02
11109,7106.22
11015,6928.71
12261,9167.45
11376,7028.15
11595,5618.39
11875,11627.36
11586,8830.34
12087,8882.19
14135,14938.95
11826,9838.64
11617,7635.00
11697,8610.42
12757,11275.81
13397,10359.63
12381,10053.61
12986,23196.40
11269,6144.88
11416,6988.34
11205,7912.29
11256,6592.17
13720,21257.77
11257,8304.81
12175,8133.07
14064,14039.18
12468,11427.99
12359,13984.64
10652,5413.70
11068,8257.19
10713,7220.94
12642,11899.89
10800,7445.07
11269,7463.35
11971,13222.62
13666,19640.39
11862,11755.11
11072,6337.52
11373,8688.45
11248,7596.56
11225,6305.77
13233,15693.42
10840,5934.42
12610,9925.64
11244,5893.21
11509,6858.89
10959,5426.85
11205,6568.09
12611,10854.83
11641,7462.70
11513,9143.14
13317,15761.62
10647,6870.12
11486,6088.26
10409,4950.62
11987,8455.69
12687,13353.11
11267,6358.75
14944,19025.15
13206,9445.92
11499,6521.16
11497,8789.87
11977,7856.99
12007,8402.62
11538,7559.43
11403,6730.16
11351,7535.29
14763,13955.86
16475,27725.02
10962,6087.53
12711,8230.18
14986,7550.14
16755,31386.77
13142,10697.76
12216,16732.70
10971,6820.35
12217,7891.35
11194,6455.20
10850,5656.89
12657,11655.73
11087,8007.40
13436,15905.58
11808,10837.27
11650,6632.41
10962,8008.38
13530,14310.71
10873,6205.75
13422,13498.38
12337,11438.51
12598,14170.13
13116,11103.61
13040,12743.42
11637,8955.97
12059,11313.34
10524,6583.13
11880,6991.76
11802,10959.16
12440,15067.08
10884,8581.08
10958,7255.33
11974,10507.23
10486,5345.28
11976,9947.90
12594,10342.91
11924,10295.51
11156,9196.67
11114,6358.30
11759,10725.19
10492,5624.03
10708,6951.82
13623,20808.13
12978,17661.67
11000,8292.22
12470,12236.97
12147,7975.58
11893,8380.63
12693,14542.49
11377,9353.58
14444,17777.51
12062,9111.50
11705,6523.18
12648,13860.15
11375,9653.75
13106,10932.55
11873,7588.13
11116,7294.52
11482,8226.92
12800,20666.23
11659,8855.49
10795,6120.20
11399,7950.67
11024,6504.83
10944,7056.33
10978,6134.75
12494,11127.58
12731,12872.21
12199,8317.46
15289,22774.90
10961,5783.66
11577,12322.62
14053,24112.44
11787,9154.90
11687,9129.25
11286,6768.45
11833,10612.71
11719,7499.75
17402,26511.39
10503,5097.11
11947,7438.61
13848,14903.26
11532,6916.41
10526,7216.65
12367,14865.49
11773,11120.53
11069,6899.02
13668,19347.05
11938,8268.25
12889,13966.47
12323,15449.14
11924,12770.05
11500,9451.82
10837,5587.76
13335,12478.42
17098,39098.74
14046,17114.34
11765,7232.06
14918,19332.42
11682,6463.57
10637,5591.97
13436,17086.51
11523,6499.81
11508,6930.06
13047,10668.79
12130,9313.18
14240,19780.19
10655,5970.59
11994,7895.32
12174,18457.94
10765,6081.79
10886,6817.60
11188,7982.82
11517,8486.27
12271,10576.23
11715,9309.55
13627,22741.48
14263,21477.78
11682,9730.55
11559,7424.45
10489,6321.50
10923,7242.62
11688,7062.71
12297,8470.01
10998,7179.92
11529,8213.51
12081,9553.39
12674,10007.69
12551,10480.44
13415,12751.40
11245,7559.06
11985,7404.02
11382,8298.42
14351,19455.68
14757,22335.54
12585,9399.72
11919,9593.67
11104,8473.23
11521,12135.06
16516,32996.63
9712,6688.43
11482,8420.37
10075,5635.92
12250,9506.78
13114,15028.28
11884,9394.71
10789,5473.75
11650,7678.21
10795,7381.87
10495,5117.88
11482,7173.76
10849,6182.94
11904,10133.67
11535,7260.84
11226,6761.75
11313,6356.21
10428,6170.59
12008,12818.24
12379,9491.86
11121,7494.38
12999,15209.86
16066,30401.59
11749,9073.86
10962,7517.74
13179,10439.44
10720,8346.93
12706,9763.28
13708,11472.44
13519,16406.59
11903,8659.47
13670,16662.87
10575,7089.40
10389,6179.05
10685,6256.59
13658,19286.74
11224,7128.41
11971,6917.44
12644,8911.59
12943,13821.14
11077,8261.69
11033,5799.71
12491,10238.90
12473,9798.75
12671,11349.94
12869,17735.31
10671,5524.04
14750,24499.51
13137,13387.91
10975,6428.48
10967,8291.13
12220,14129.55
12423,9713.39
12131,20441.33
10977,10826.64
10390,6259.10
11060,9026.06
12326,9310.39
15731,38750.20
14063,16119.77
11078,7742.13
12245,9972.52
10953,7352.46
12365,9774.95
13637,20277.44
11441,8299.87
10831,6860.73
11643,12454.30
12245,10961.35
11440,14255.81
11295,6769.69
11398,7643.98
10731,7755.11
11456,6467.41
11518,5686.67
12896,11542.75
11958,10580.05
11641,9054.38
11435,5624.87
11562,7906.17
13177,17150.92
12027,11712.93
11782,6994.91
12141,9850.20
11025,8324.61
11569,7438.23
12229,11909.69
12181,9714.29
11742,13236.91
11133,4881.26
12288,9338.54
10425,10182.49
11256,9648.91
11459,13589.36
11826,11696.80
11861,9100.40
12252,13202.09
12123,11716.96
12657,8851.57
10979,8873.28
12299,8383.18
12575,9038.19
10554,7556.82
11553,10474.76
12184,8892.89
11890,9174.65
11107,6154.77
10504,7737.19
11300,9315.97
12076,12987.67
11810,11570.24
12078,15213.26
12328,12017.70
24732,53635.57
10944,9065.71
13496,14938.02
11852,7609.88
12180,8582.74
11642,7216.22
11011,6542.36
12511,6926.71
11422,6803.32
12065,8677.71
12339,7375.23
12465,7585.24
12005,8726.58
12313,13212.90
13289,12845.02
11879,9719.55
11648,7011.38
13126,15128.39
14165,20702.36
12702,17447.94
11619,8821.57
12166,13610.51
10521,6040.34
11251,10023.23
11288,9129.86
10880,7930.09
11038,8800.45
10425,6595.28
10964,8163.48
11125,5950.61
12503,9824.76
12444,9834.62
11334,6124.39
12554,7013.73
11601,9412.02
12469,7189.05
11808,8488.65
14147,18854.89
10375,7365.60
10775,7318.34
14099,19908.88
11108,6183.53
11999,9868.87
11796,8444.21
14052,20919.20
10694,7342.49
11873,10193.11
11112,5721.42
10651,8196.95
10821,6976.17
11134,6964.96
11947,8208.38
12685,13199.52
11355,7034.02
12677,12774.31
11903,7156.63
14619,22210.02
13488,19595.99
12332,8872.06
12306,7535.05
12626,9648.20
12256,13079.22
11697,6562.48
11098,7115.99
10720,6400.85
12300,8900.46
11668,11473.92
11321,7051.65
10743,11072.90
11679,12536.70
11444,10001.30
12219,9944.56
11785,7468.76
12849,9087.34
12091,9819.13
10963,7391.45
10924,9384.05
12803,20630.73
11066,7278.67
11068,8027.27
11396,9028.44
11476,8174.85
11955,12643.02
12696,10626.46
13317,8000.07
13179,15286.68
10476,7101.63
12213,9104.31
10105,6944.77
10581,6458.88
13094,13272.66
11592,9950.69
11383,8869.88
10449,6610.66
11683,13516.62
11408,7925.26
12534,10266.38
12849,12881.59
10800,6639.71
11097,7078.26
12440,11524.89
10686,8043.21
11356,8986.26
11233,12136.46
15297,17221.97
11283,7253.84
12252,12017.22
11459,8246.81
11110,10404.25
12226,11597.26
10087,7183.01
12149,10064.16
10593,5843.56
10728,7627.39
10830,6304.66
11265,7214.48
11566,8019.45
11389,8325.54
10296,8356.72
10886,6884.16
9795,6445.01
11181,11595.00
11139,7805.08
11352,9164.31
11710,11847.18
12727,10775.90
14286,20552.33
11914,8307.14
11687,12677.34
11240,5584.55
11317,8621.91
12114,12328.50
12818,14392.24
11326,9764.23
10194,6306.79
11371,10135.41
10751,7249.22
10001,6051.93
12257,12926.64
14326,21968.01
10438,7743.62
11753,6561.11
10765,5933.06
11888,9583.39
11780,9704.79
11499,8869.50
11504,9060.87
11340,8890.59
12003,9103.75
12233,11041.19
11350,5874.30
11103,6458.88
14102,13552.48
11548,8946.26
11115,6947.05
13301,13696.87
11201,8742.83
11070,9026.51
12817,9981.57
12158,8437.23
12706,10288.52
12123,9556.00
14885,21518.97
11290,8936.22
11220,6968.02
10118,6643.87
11422,9789.67
10282,6455.28
12708,9743.50
13556,12933.49
14571,20930.27
14905,33179.35
11489,8164.03
11396,8729.69
12961,13429.00
11004,8064.98
11618,9048.59
12202,13904.18
18260,41570.78
10199,8621.74
10174,5973.01
11262,9515.43
11700,7646.33
11989,8810.44
11862,7517.19
11883,7820.83
11537,9864.28
10374,10372.64
11703,7679.05
11321,6880.31
10945,5719.26
11040,5408.70
11533,8108.49
12846,14476.56
15912,25632.17
11582,11400.68
11580,8004.00
11526,8310.04
11575,7269.24
10909,7235.86
11585,7899.02
13031,18304.21
10734,6606.89
10894,6453.93
11504,8453.48
13884,18401.94
11365,7806.73
15142,18732.52
12497,11771.79
11458,6177.11
10756,7342.48
11497,8953.06
13610,14078.90
13476,13473.55
14061,12917.53
10926,6915.76
10796,9302.58
11448,7542.18
12517,12463.12
15647,23600.46
11038,6761.45
10477,5618.37
11355,10324.87
15328,23414.46
13312,17742.82
11217,5825.51
11718,9125.76
11081,7530.99
10635,6142.54
12168,9551.56
10882,7569.95
11750,12826.39
11573,9383.34
11708,8752.81
11449,9876.46
14361,19812.47
11282,8205.55
11898,11950.88
15825,21974.06
13446,21573.28
11396,9942.11
10949,5600.40
10476,6174.91
10438,5965.63
12360,16881.43
15307,24695.63
12689,17345.16
11332,7234.94
11422,7700.94
11476,7030.21
11673,7725.07
12104,9347.90
13703,21971.27
11790,7600.55
11864,10805.87
10250,8088.33
11739,7847.44
10943,6689.69
10979,5812.29
11709,9329.29
12566,11183.93
12294,12020.63
11361,7059.03
10400,7123.79
11364,8978.06
12026,11986.33
11518,7065.98
13110,16121.91
9811,5670.53
11455,6104.20
13348,24260.88
11089,7397.38
11260,7323.98
12390,10485.14
11244,6543.62
12589,9552.67
10764,8132.32
13484,15972.10
11946,9788.18
15303,27448.16
12758,8534.51
11755,7634.33
13354,17983.03
11584,8017.08
13549,12433.48
11244,8824.79
11486,8575.71
12718,9391.86
11251,6193.10
10533,8299.72
13751,16390.44
11991,10702.99
11632,6755.95
12401,9174.22
11920,14164.02
11943,10290.83
12853,12749.01
12136,13733.55
11249,9215.08
11714,9522.25
13835,16554.91
11842,7525.24
10989,7737.37
11582,8640.84
11881,9450.13
11581,8687.37
11521,7491.65
12390,8724.29
12660,11837.24
12786,16297.15
12904,16761.51
10760,9198.78
10846,7814.77
12308,15573.24
11493,12866.50
14361,28054.42
11424,8783.86
11937,10871.99
12644,16040.73
13476,14129.87
11206,7056.51
10450,7739.83
13352,16121.41
12243,9467.63
13421,12652.56
12197,12756.76
12360,11205.58
11468,8416.29
12738,11454.66
11386,8192.35
12004,10570.08
12717,14215.60
12149,12676.89
12294,8578.19
11113,5919.89
11330,11844.23
10846,7550.18
15492,21687.62
11783,9307.50
11150,9877.87
12892,12702.58
10514,7588.22
13556,18279.07
14389,16263.04
11088,7020.72
11148,7610.88
13145,15954.02
11432,7273.09
11496,6529.77
12497,10070.17
10547,5868.24
13523,13628.66
11118,7577.41
12261,11025.23
11633,9772.98
13008,11986.89
11966,10053.46
12566,11550.39
11766,7579.39
11286,8001.81
12971,11961.88
11192,8380.83
12555,9438.41
12073,11926.33
10997,7553.86
11438,7552.26
12528,10744.80
11149,9768.67
15571,25357.59
11794,10157.00
11222,8051.58
12098,14363.66
11110,6481.29
10835,6684.93
12490,12089.05
11668,9706.44
12559,12954.16
9981,6205.15
11356,9493.24
10569,6498.32
12210,9708.70
11531,7753.90
11976,9502.56
13693,17089.75
11435,7743.62
11901,9020.20
11914,10456.17
12078,11482.14
12988,13621.24
11464,8781.83
11626,6872.25
12315,10111.48
11624,9023.42
13499,9910.00
13109,13577.88
10786,5683.00
12040,9471.37
12709,10746.92
13678,10287.74
13040,8765.95
12416,10235.14
11972,7264.58
13545,12777.89
11019,7966.88
14090,11622.18
12190,9305.63
13625,16309.38
12274,11565.49
12843,13220.29
11855,11245.06
13125,10820.35
12445,12588.38
10650,5331.23
10850,7405.06
11222,15453.17
10968,8862.25
12760,15215.81
10753,6139.84
11037,9697.84
10180,8564.52
10216,8419.63
10495,8297.83
10161,6087.41
11060,8062.75
11144,8084.88
10634,9554.08
10559,8878.82
13092,18476.16
11363,7255.91
11151,9324.72
11835,11024.75
23525,67169.08
10977,7783.53
11526,7211.62
11538,7369.90
12182,9171.46
14400,20550.49
11368,8237.08
11559,6647.62
12113,9004.80
11835,9869.38
12663,7851.67
12272,9479.66
490439,258343.44
11913,26837.84
24771,129263.80
4656,5167.41
4720,4727.56
