5173
4923
4952
5968
5296
5597
4957
5849
5049
5978
5880
5350
5648
5741
5899
5231
5980
5470
5744
5456
5091
6038
6318
5802
5601
5833
5572
4978
5714
6092
5871
6108
5970
5448
5377
5253
4801
5889
5090
5678
6005
5227
6058
5451
5627
5370
5879
5949
5531
5669
5768
4922
4094
5690
4948
6008
5917
5917
5997
5348
6393
5125
5426
5581
5248
4787
4893
5710
5731
5958
4657
5570
5028
5716
5947
4764
5562
5645
5595
5862
5671
5936
6492
6017
5048
5993
5325
6082
5534
4951
5932
5550
6150
6038
5523
5533
5659
6230
5748
5679
4791
5630
5701
5833
5577
5238
5657
6898
6249
5318
5889
5764
5841
5817
5762
5220
5668
6062
5039
5589
5922
5347
5296
5443
5841
4877
5025
5484
5374
5302
6034
5419
5554
5187
5727
5452
5605
5837
4433
6223
5659
5906
5868
5649
5552
5659
4567
5060
4675
5182
5807
4732
5294
5411
5634
5774
4809
5760
5510
6137
4586
5811
5462
5542
5946
5266
5799
5849
4959
4948
4789
5742
5586
5755
5225
5713
5710
5635
4932
3908
5111
5029
4632
5534
5693
5273
5361
5353
5696
5251
4168
5606
5326
5978
5246
5275
5784
4728
5668
5724
4614
5754
5811
5616
5537
5840
5066
5515
4920
5562
3693
5504
5394
5263
5645
4941
5865
5815
4509
5453
4854
5152
5823
4330
5381
5583
5579
4842
5479
5611
4349
4390
4822
4643
5264
4851
4863
5857
5723
4532
4917
5481
5733
5949
5378
5096
5510
5286
5810
5843
5005
4754
4803
4651
5121
5686
4827
5435
5766
5755
5776
5409
5540
5248
6013
5568
5319
5514
5677
4418
5318
5388
5591
5579
5512
4971
5149
5918
5750
5156
5082
5312
5702
5494
5231
5223
4384
5273
5791
5864
4099
5697
5282
4243
5925
5560
5332
5332
5789
4963
5366
4945
5193
5184
5364
5206
4959
5725
5894
5919
6086
5469
5710
4849
4269
4894
5990
5739
5327
5428
5293
5535
5459
5799
5578
5989
5440
5365
5437
5782
5223
5026
5850
5357
4798
6039
4889
6049
5846
5176
5266
5684
5104
5821
5583
5805
5775
5688
5669
5311
4455
5454
4083
5351
5444
4879
5783
5490
4563
5291
5060
5399
5881
4135
5549
2952
5608
5895
5392
5893
5548
5746
5653
5934
5447
5128
5442
6377
5699
5135
5552
5244
5601
5209
5042
4175
6162
4814
5399
4704
5524
5416
5769
5403
5303
5317
5155
4783
5290
5409
5508
5535
5251
5209
5040
5404
5829
5335
5559
5792
5372
5605
5739
6154
5634
4852
5882
4672
5047
5657
4270
5476
5528
4852
5298
5684
5944
5624
4057
5827
5256
5176
4797
5013
4042
5498
5165
5620
5796
5098
4957
4895
4599
4819
5279
4785
5203
5290
5199
5636
5511
5258
5701
5260
5644
5117
5453
5081
5389
5533
4818
5583
5158
5434
5685
5895
5996
5131
5204
5235
4993
4556
5712
5489
5130
5409
5565
5257
5149
4775
5358
5234
4862
4941
5110
5277
5244
5589
4605
5587
5912
6080
5743
5610
5281
5445
4862
4076
4449
5713
5522
5759
5576
5076
4597
5424
5718
5958
5645
5741
5829
5828
5261
5377
4831
5927
5648
5483
5559
5955
5576
5687
5520
5584
5698
4983
5319
5624
5848
4532
4953
5524
5863
5266
4959
5067
5741
5681
6188
5794
6136
5764
5441
5244
4595
5088
5544
4868
5926
5391
5534
5559
5098
4911
5592
5431
4392
5557
5400
5234
4962
5389
5148
5541
5797
5259
5494
5288
5497
4623
5580
4869
5038
5516
5306
5765
4561
5418
4921
5463
4410
4449
4930
5322
5531
5699
4943
5718
4814
5548
5577
3930
6070
4508
5424
4971
4855
5360
4598
5422
3808
5406
5504
5689
5615
5491
5264
5682
4913
4806
5311
4882
5648
4480
5450
5284
5566
4887
5446
5777
4913
5056
5615
5171
5348
4654
5152
5354
4909
5359
4426
5257
5656
5481
5410
4838
3968
4650
6026
5707
5896
5730
5834
5022
5506
5724
5182
5493
4858
5051
4964
4654
4768
5550
5460
5619
5537
5934
4595
5227
5158
5611
5207
5361
5797
5401
6009
5750
5915
5359
5662
5028
5447
5063
3889
5667
4405
4989
4336
5458
4668
5833
5595
5929
4290
4818
4730
5785
5170
5599
4709
4562
6140
5638
6152
5746
5558
5717
5806
5822
5375
5220
5665
5146
4690
5304
6052
5900
5225
6277
5408
5327
4122
4772
5119
5161
5116
5479
5113
5216
5032
4270
5409
4776
5457
5479
5228
5283
5435
5594
5187
5201
6054
4092
4598
4580
5510
5839
5523
5454
5077
4965
4797
4502
5609
4978
5511
5760
5577
5707
5018
5294
4967
5438
5687
5461
5030
4738
5138
5547
5601
5506
5595
5368
5317
5481
5237
5728
5278
5356
6033
5260
5695
5701
5172
5590
5492
4948
5834
5188
5165
5022
5474
5203
5487
4432
4839
5504
5345
5083
4838
5289
5172
4790
5509
5408
5323
5213
4899
5702
4288
5370
5054
5769
4642
5770
5320
5349
3707
4608
5359
5693
5293
4666
5286
5793
5414
5448
4999
4384
5584
4723
5121
5033
5485
4582
5334
5371
5569
4307
5405
5538
5378
5257
5180
4656
4359
5338
5180
5637
5220
5266
5199
5863
5092
5544
4984
5802
5170
5263
5337
5781
5231
4090
4220
5117
5532
5507
5684
5177
5756
5270
5302
4643
5031
5696
5580
5119
5750
5462
4285
5295
4678
5798
5463
5705
5563
5323
5005
5672
5820
4959
5511
5652
5663
5378
4671
4868
6020
5333
5114
5283
5536
5711
5056
4926
4540
4920
5541
5330
5161
4537
4267
5599
5366
5695
4801
5641
5178
4038
4913
4973
4729
5631
5414
5429
5609
5939
5447
5105
5289
5029
5036
5774
5063
4860
5820
5526
5559
5107
4875
5566
5431
5158
5633
5354
5894
5278
5566
5831
5235
5522
5311
5201
4520
6149
5406
5237
5177
4264
5166
5516
5966
5085
5387
5169
5475
5031
4997
5575
5535
5476
5860
5367
4673
5616
5295
4609
5627
5638
5736
5789
5725
5617
4929
6042
6357
5750
5694
5681
5811
6111
5804
5565
5230
5298
6167
5921
5473
5648
5722
5177
5193
5247
4067
5943
5302
4782
5269
5780
5417
4948
4941
5985
5664
5379
5551
3666
4954
3997
5975
5941
5050
4982
6079
5809
5196
5270
6200
6333
5423
5437
5300
5620
5893
5019
5144
5496
5223
5089
5973
5099
5470
5644
5888
5368
5628
5136
4954
4558
4636
5570
5821
5107
4701
4515
4129
5998
5870
5956
5140
5675
6189
5580
5594
5217
6004
5698
4484
5075
5086
5563
4819
4877
4820
5416
5641
4848
5672
5289
5398
5284
5112
4641
5307
5413
5544
5458
5610
5519
4740
5746
5338
5065
5026
5489
5313
5870
5391
5269
5630
5107
5356
5919
5442
5996
5475
5641
5475
5066
5335
5778
5620
5723
5612
6010
5379
5635
4936
5863
4550
4420
5654
5399
5368
5419
4536
5578
5026
5772
5709
5707
4741
5361
4692
5541
5424
5209
5295
4369
5322
5845
5444
5937
5747
5710
5924
4554
4702
5423
5191
5186
4721
5800
5519
5403
5464
6017
4831
4892
5779
4865
5362
5109
5316
4332
5900
6006
5425
5406
5361
4772
5152
5526
4584
5578
5668
5082
5803
5179
5278
5620
5677
5583
5322
5605
5414
4787
5610
5077
5395
4802
4776
5486
5100
4996
4234
4646
5171
5954
5082
5435
5135
5313
5852
5266
5081
5563
6040
5355
4474
5174
5735
5368
4644
5441
5685
5264
5904
4659
5286
3856
5656
5734
4452
5665
4756
4937
5270
5800
5646
4804
5338
5101
5040
5903
4910
4043
5042
5049
4739
5222
5420
4977
5223
5152
5191
4954
5272
5039
4851
5606
4972
5592
5882
5152
6152
4923
5588
6262
5699
5662
5386
5406
4874
5807
5619
5822
5446
5715
4550
5828
5812
2041
5982
5478
5741
5569
4468
5037
4907
5653
5246
5135
5005
4155
6017
5132
4806
4738
4714
5458
4905
5192
5489
6178
4977
5884
5186
5103
5513
5601
5620
4994
5619
5038
4765
4713
5208
5591
5406
5911
5514
5616
5332
5548
5435
3862
4677
5299
5905
5172
4736
5132
5624
4974
5272
5554
4841
4710
5614
5201
5681
5078
4936
5546
5996
5073
5275
5168
5257
5367
5319
5836
5137
4941
4657
5259
3943
5140
5694
5652
5353
5278
5028
4849
5442
5548
4747
5593
5257
5836
4569
6235
6246
5254
5886
5728
5573
4855
5539
5399
5464
5436
5396
4756
5158
5921
5813
5437
5198
4789
5892
5694
4951
5462
4254
5842
4823
5904
5636
5450
5714
4582
5175
4784
4734
5195
4858
5358
5520
4082
5705
5803
3318
5334
5279
5138
5239
5650
4923
4956
5245
5454
4924
5218
4963
5241
5172
4948
5559
4825
5068
5432
5130
5719
4095
5454
5225
5980
4480
4293
5265
5436
3865
5700
5655
5566
5344
5686
5547
5470
4401
5001
5188
5208
5233
5035
5681
5178
4880
5250
5173
5473
5308
4203
5851
5578
5454
4654
5127
5258
5986
4913
5082
5432
5949
5365
5173
4908
5146
5285
5178
5441
5590
5337
5064
5705
5488
4931
5623
6094
4920
5965
5565
5945
4686
5110
5701
4983
5729
5387
5392
5460
4018
4907
5373
5609
5221
6077
4842
4922
5353
4462
5533
5015
4663
5392
5145
5118
4839
5195
5272
5124
5535
4743
5530
4210
6116
5400
3983
5505
5530
5491
5572
5706
6098
4912
5669
5127
5141
5105
5022
5097
5289
4894
5620
5625
5507
5067
4879
4337
5113
3875
5021
5116
5689
5826
5195
4719
5161
5584
5374
4803
5643
5634
5131
5722
5147
5548
5764
5060
5779
5237
5287
5269
5493
5384
5607
5123
5664
5050
5751
5691
5916
5020
4833
5216
5418
5502
4133
5432
5130
5357
5594
5663
5776
5783
5055
4893
5125
5337
5463
5363
5797
4766
5632
5395
5682
5029
4987
5507
4079
5579
5427
5372
5525
5816
4928
5424
5552
5465
5612
5855
6071
5412
5377
5494
5695
5559
4208
5705
5179
5636
5677
5602
5024
3472
5710
5386
4979
5458
4904
5434
5624
5555
5730
4506
5779
5342
4937
5121
4710
4864
5392
5006
5346
5243
5047
4504
5913
5504
5710
5865
5138
4558
5173
5029
5363
5523
5849
5476
5167
3521
4974
5321
5965
4610
5675
5103
4331
5374
5525
5910
5084
5237
4755
5387
5407
6043
5476
4941
4522
6139
4178
5672
5052
5026
5177
5408
5548
5219
4409
4918
5228
5595
5493
5852
5548
5361
4789
4535
5206
5036
5489
5005
5384
4856
4902
5232
5101
4890
4776
5022
4542
4909
5691
5833
5470
5272
5468
5560
5496
5452
5648
5351
4943
5066
5507
5728
5317
6015
5447
4983
5022
5257
4734
4541
4832
4902
5018
4030
4791
5158
5325
4707
5647
5289
4486
5370
5398
5212
5759
5843
4215
5732
4937
5685
5532
5671
5303
4938
5283
4977
5192
5397
5337
5582
4549
5374
4594
4491
4550
5344
5033
5332
5041
4470
5365
5292
5601
5217
5437
4705
5514
5371
5768
3591
5009
5231
5002
5370
5091
5510
5307
4829
4517
5424
4054
5732
4408
4966
4794
4894
4260
4939
5280
5510
5315
5163
4841
4889
5109
4752
5699
5683
5084
5938
5372
5470
5690
5328
6041
5699
5598
5223
5336
5383
4568
5110
5673
6124
5479
5280
5317
4579
6037
5977
4208
5147
3677
4653
5491
5233
5121
5786
5700
5186
5585
3648
5236
5017
5749
5727
5487
5588
5153
5628
5228
5483
5266
5551
5525
4993
4722
5547
5380
6073
5222
5126
5640
4963
5222
5615
5747
5589
4527
4772
5395
5166
4748
5033
5807
6073
5446
5789
4190
5478
5908
5722
5051
5713
5765
4708
5330
5212
5594
5349
5354
5236
4977
5559
5116
5759
5254
5557
5621
4595
5847
5890
5307
5224
5374
5382
5922
4113
4725
4653
5187
4819
5572
5812
5184
5441
5374
5128
5542
4888
4372
5250
5643
4555
5446
4791
5219
5636
4854
5565
5757
5349
5418
5017
5212
4184
5033
4557
5739
5839
4863
4201
5649
4859
5725
5271
4743
4984
5452
5174
5199
5942
4896
5235
5907
5393
5836
5514
5391
5683
4596
5113
5587
5414
5675
3837
4796
4950
5231
4787
4818
5572
5670
5066
5470
3372
4808
4331
4957
4437
5675
6185
3690
4776
5194
4140
4242
5250
5505
5560
5111
4948
4525
6342
4285
4638
6004
5097
5617
5262
5564
5039
5905
5260
4401
4706
4752
4203
4853
5559
5176
5659
5462
5459
5139
6012
5574
5118
5416
5229
5667
5605
3749
5298
3976
4982
5967
5216
5410
5083
5546
4899
4687
4696
5655
5835
5004
5151
5142
5463
5260
5918
3548
4750
5450
5549
5459
5219
5882
4747
5424
5340
4851
5042
4366
5277
5358
4501
5466
5603
5272
5245
5349
4966
4504
4153
4731
5506
5791
5552
5049
5206
5246
5679
5119
5072
5310
5454
5093
5020
4477
3904
5323
4965
5073
5424
4679
5197
5210
5176
5914
5335
5089
5379
5391
4922
5213
3793
4944
3904
5424
5578
5482
5301
4986
3443
4683
4794
5564
5556
5825
5565
5411
4614
4513
5476
5200
5178
5161
5261
4646
6091
5105
5381
5255
4930
4850
5559
5360
5260
5317
5546
5601
5303
5753
5682
5186
4716
5283
5553
5804
4528
5346
5035
5353
5305
5511
5679
5205
5475
5810
5681
5455
5685
5681
4413
5084
5556
5307
5472
3662
4847
5196
5455
5192
5302
4586
5728
5629
4514
5360
5110
5481
5619
5715
5646
5269
4017
4595
4155
4993
5475
5837
5499
5342
5462
5585
6018
3306
5237
5430
4864
5520
4524
4062
4476
4959
5181
4275
5523
4553
5198
4150
5573
5716
5799
5439
4741
4831
5429
4409
5757
5476
4626
5638
5666
5369
5323
5064
4910
4020
4545
5202
4824
4559
5183
4427
4766
5383
5507
4442
4481
4944
5147
5217
5663
5840
5654
5964
5740
5919
4950
5213
4856
5222
5496
5669
4813
5004
4951
5302
5330
5880
5309
5005
5277
5014
5047
4698
4550
5349
5321
4987
5527
4781
4736
5849
5598
5659
5279
5344
4958
5365
5018
5646
5005
5497
5132
5337
5546
5438
5618
5186
4955
4385
5442
5402
5105
5934
5275
5702
5987
5484
5844
5338
5144
5700
5192
5428
4923
5692
5358
5262
4644
5349
5091
5650
5577
4826
5376
5724
5346
4952
5546
5475
5668
5864
3621
4722
5361
5164
5263
4240
5148
5548
4417
5635
6154
5225
5282
5386
4027
4957
5166
5437
5518
6156
5745
5389
5206
5494
5376
5603
5214
5383
5264
5151
5334
5732
4362
4875
5403
5592
4939
4785
5074
5129
5703
4910
5030
4980
5661
5616
5110
5736
5543
5576
5416
5697
5116
4566
5752
4774
4570
5402
5269
5803
5521
5266
5540
5816
4924
5477
4241
5550
5626
5080
5726
5348
5459
5991
5943
5493
5942
4818
5280
5875
6310
5023
5467
5564
5454
4997
5144
5622
5457
5429
4983
5215
5599
5542
5555
4495
5338
5327
5313
6122
5089
5023
5009
5315
5448
6065
5243
5062
3826
6025
5066
5087
5052
4935
5852
5274
5596
5614
4949
2476
5579
4969
4909
5499
4639
5765
5895
5330
5712
5937
5634
5391
4752
5229
4987
5370
4470
4340
5430
5315
5612
4210
5709
5247
5244
4153
5232
5941
5480
5602
4930
5163
4968
5916
5470
5861
5142
5443
5579
5154
5617
5041
5702
4352
4952
5488
5340
5605
5390
5166
4627
5571
5697
5031
5560
5180
5919
5092
5214
4783
5249
5742
5413
5330
5904
5177
4824
5231
5653
5434
5441
5965
5613
4245
5599
5320
4414
5187
4833
5285
4550
4313
5341
4361
5148
5107
5615
5219
5009
5744
5526
5175
5754
5214
5691
5422
4568
4244
5686
5979
5362
5377
5184
5881
5049
5879
4766
5290
5877
4591
5642
4978
4830
5232
6127
5647
5696
5247
5321
5104
5317
4508
5837
5045
5377
5420
5801
5964
4499
5024
5401
5567
5950
5855
5009
6014
5624
4728
5769
5217
5326
5131
5671
4617
5610
5315
5440
6096
5883
5142
4760
4895
5094
5315
5342
5906
5911
5632
3581
5017
5001
5900
6028
5523
4859
5415
5395
5581
5734
5649
4491
5272
6167
5936
5013
3699
5906
5389
5169
4691
5588
6128
4807
5721
4958
5404
5742
5851
3663
5518
5805
5357
4984
4637
5854
5335
5690
5261
4529
4823
5434
5304
4645
5311
4156
5512
5658
5764
5417
4943
4821
5689
5087
5451
4967
6269
5379
5664
4878
5549
5563
5210
5613
5049
5424
5822
5756
5871
5423
5057
5581
5426
5148
5174
5976
5710
5063
5676
5953
5461
5639
5204
5681
5272
5608
5140
5243
5654
5595
4726
6052
6159
5332
4810
5408
5297
5998
5988
5868
5777
5521
5523
5713
4936
6200
5889
4978
5106
5199
5839
5416
5245
5395
5043
5229
4532
5112
5291
5051
5865
5953
5769
5471
5542
4982
5975
5202
5300
5280
5171
5008
4867
4780
5126
5291
5441
4600
5324
4874
4566
4400
5296
5900
5989
5026
5930
6106
5511
5423
5771
4712
5312
4818
5464
5641
5195
5269
5532
4376
5059
4283
5160
6370
5068
5528
5481
5635
5485
5695
6046
5354
5110
5249
5891
5280
5834
5241
5413
4807
5104
6037
5873
5606
5269
4851
5809
5526
5889
5323
5463
4294
5383
4748
5577
5720
5674
5152
5691
5555
5130
5317
5713
5492
5614
5948
5289
5539
5598
5082
5126
6020
5075
5884
5085
5519
5542
4973
5534
5534
5034
5506
5382
5719
5148
5632
5019
4861
5280
4843
5146
5647
5693
4671
4722
4432
5521
5248
5600
4660
5667
5891
4650
5291
5004
5978
5599
5035
5850
5194
4382
5330
5522
5731
5903
5449
5468
5930
6129
4843
5240
5145
5649
5802
6214
6184
5492
5739
5628
5834
5712
5364
6119
5419
5887
5558
5813
5437
5425
4606
4798
5362
5229
5112
5977
5505
5109
4981
4715
5340
4196
5103
5459
4835
5577
5672
4908
5475
5810
5389
5174
4574
4903
5298
4972
5443
5553
5005
5039
4932
5157
5945
5038
5039
5389
5511
5113
5335
5285
5457
5370
5662
5486
4277
5020
5948
5492
5593
5640
6085
5460
5463
5494
4973
5227
5135
5847
5843
5295
3048
4715
5653
5336
5824
5481
5416
5459
6051
5596
4854
3983
5476
5439
5268
4662
5363
4849
6231
4694
5546
5813
4959
4631
5563
4935
3842
5584
5929
5379
5473
5630
5204
5276
4758
5325
5317
4560
5911
5571
4847
5757
5670
5659
5425
4967
5959
5983
4906
5611
5696
4226
5986
5666
5511
5318
5248
5458
5756
4015
5507
4771
4808
4739
5595
4940
4374
5634
5521
5339
5080
5485
4843
5299
5711
5567
5003
4910
5531
5833
4320
5570
5397
5354
5173
5265
5394
6330
5391
5567
4721
5402
4661
5095
5657
5022
5517
5228
4769
4659
5879
6034
4885
4973
4686
4728
5463
5019
5081
5380
5717
4976
6421
5420
4466
5335
5108
5279
5083
5463
5346
4254
5701
4171
5667
4372
5338
5333
5310
5620
5736
4773
5129
5861
6074
5676
5087
4690
4318
5412
5631
5244
5470
4884
5152
6344
3997
5722
4806
5783
5392
5744
5534
5437
5885
5624
4224
5766
5987
5663
5112
6079
5511
4604
5380
5118
4969
5731
5817
5174
5369
5243
5070
4797
4584
4705
5265
4176
4607
5495
3929
5372
5407
5281
4847
5702
5038
5467
6221
4574
5845
5151
5006
5356
5606
5366
5203
5498
5411
4753
3985
5928
5202
5565
5499
5698
5244
4431
5008
5884
5399
5227
5946
5561
4964
5333
5008
4748
4974
5132
5594
5732
5818
5571
5566
5599
5361
5561
5544
5509
5392
5857
5460
5423
5298
5103
5422
5275
5425
6018
6156
5820
4946
6230
4392
5548
4740
5614
5162
5434
5403
4351
4468
5243
5812
5277
5483
5321
5333
4880
5623
5715
4581
5318
5055
5896
5589
5002
5017
4609
5989
6096
5170
4583
6006
4604
5483
5334
5491
5403
5013
5084
5747
5605
5469
5192
4522
5445
5387
5091
5108
5126
5799
5704
4842
5254
5721
4226
5144
5617
5286
5671
5069
5214
5718
5712
5410
4587
3880
5300
5630
5413
5887
5920
5744
5075
5690
5284
4444
4795
5452
5632
5480
5745
5155
5597
4653
5556
5552
5155
6042
3791
5221
5758
5538
5552
4643
5229
5183
5352
5264
5835
5825
5365
5752
5559
4727
5419
3516
4165
5789
5533
5247
5314
5471
4252
5434
4288
5368
5578
5611
5692
5575
5373
5060
5465
5206
5197
5536
5541
4875
5332
5140
5682
4758
2617
5804
5106
6021
4514
5110
5929
5862
5040
5360
5573
4944
5882
5799
6044
5035
5415
5856
5407
5010
5355
5108
4735
5669
5309
5795
5382
5015
3982
5825
4946
5001
5405
5569
5243
5240
5503
5401
5092
4662
5281
5949
5792
5230
5411
4797
4446
4585
4944
5868
5676
5396
5770
5015
5293
4860
5241
5857
5502
5576
4935
5509
4888
5261
5668
5021
4924
5400
5025
5006
4983
4279
3257
5498
5166
4619
5211
4889
5253
5614
5311
5859
5550
5421
5271
5444
5136
4959
5450
5420
4406
5186
5129
5201
5026
5190
5835
5171
5048
4820
5080
5509
5949
5880
5868
5576
4951
5013
5093
4811
5790
5970
5517
5046
5839
5891
5724
5675
5364
5517
5010
5508
5045
5785
5267
5769
6026
5126
5675
5769
5294
5423
5782
5621
5312
5576
4801
4834
5291
5422
5425
4778
5116
4235
5711
5826
5761
5327
5636
4696
5201
4947
5069
4719
5622
5726
5882
5289
5733
5575
5326
4527
5650
5486
5614
5721
5603
4572
6007
5529
5354
5506
5597
5848
5534
5053
5689
5254
5073
5637
5647
5808
4806
5735
5182
4558
4922
5133
5624
5356
5327
5659
5615
4709
3943
4906
5585
4920
3856
4434
4367
5916
5625
5090
5666
5498
5081
5161
5418
5128
5768
5617
4796
5190
4526
5831
4634
4966
4817
5394
5438
5853
5682
5226
4838
5749
5440
5698
5527
5164
4981
5754
5683
5626
5486
6181
5836
4666
4727
5466
5257
5370
5267
4840
5327
4615
5395
5452
5070
5304
5150
5404
5437
4513
5606
5875
5896
5633
5663
5560
5470
5514
4558
4551
4886
5276
5376
5359
5042
5444
5485
5188
3943
4817
5819
5442
4552
5362
6019
4610
5921
5251
4938
5445
5009
4624
5759
5427
5700
4351
3974
4629
4974
4374
5612
6014
4711
5335
5371
4895
4534
5199
5854
5170
5191
5551
5853
5367
5432
4796
4491
5007
5287
5079
5549
5846
5731
5035
5308
5711
5263
5228
4439
5047
4893
5525
5402
4837
4341
4894
4938
4955
6048
5001
4239
5766
5713
6044
5012
4665
5467
5650
5477
5945
5636
5529
5920
5128
5426
5472
5514
5512
5758
5227
5216
4668
4262
5463
5385
5163
5551
4407
5172
4595
5910
4323
5600
6113
5646
4629
5574
5374
4500
5670
5800
5334
5257
4744
4616
5644
5620
3845
5037
5890
5427
4889
4657
6210
5266
6094
5241
5329
3563
5209
5232
5350
5164
4548
5369
5382
5225
5818
5202
5112
5341
5623
5949
5557
5224
4952
5125
5333
5585
5217
4998
4963
5110
5537
5559
5348
5166
5172
5262
5482
4856
5869
5827
5112
5398
5087
5275
5065
5015
5569
5150
5030
5696
5568
5009
5495
5748
5590
5256
5390
5347
5201
4406
3099
5367
4692
5348
5094
5368
5350
5170
5352
5000
5158
4978
5048
4729
4651
5542
5421
4461
4631
4845
5221
5010
5925
5538
5291
5544
5941
5862
5795
5174
5119
5103
5659
5022
5245
4964
5402
4634
5853
5672
4284
5740
5155
5281
4505
5642
5164
5573
5702
5899
5308
5380
4901
5481
4825
4826
4470
4757
5114
5080
5075
5282
5158
5612
5714
5196
5168
5452
5911
5116
5464
5079
5371
4721
5199
5637
5485
4885
5590
5653
5186
5418
5222
4757
4349
5252
5645
5395
6189
5637
4811
5246
5615
5883
5237
5342
5284
4870
5620
5344
5312
5757
5261
5123
4430
5254
5331
5511
5557
5351
6114
5048
5962
5835
5684
5636
5051
5715
5769
6126
5983
5769
5556
5287
5468
4837
4392
5378
5209
5460
5318
5184
4945
5343
6205
5423
5714
6039
4890
4555
6027
5273
5842
5154
5322
5505
5499
5544
5308
5157
5506
5465
4517
5530
5475
4907
5352
5524
5020
5192
4941
5300
4273
5412
5543
6160
5630
5795
4948
4637
4467
4055
5497
5474
4867
5690
5260
5247
3540
6157
6031
5421
5444
5124
5209
5320
5276
5908
5510
5473
5780
5540
5342
4841
3868
5429
5440
5404
5287
5566
5501
4784
5786
5602
5268
4672
5104
4552
4947
5400
5836
5347
4759
4534
4449
6020
5644
5459
4231
4781
5725
5964
5320
3610
5287
5637
5181
5576
5698
5057
5794
5313
5409
4822
5691
4341
5436
5147
3793
4741
5490
5746
5807
5974
4949
3808
5126
5430
5261
5475
5278
5219
4396
5428
4987
5823
5672
5437
5823
5202
5113
4968
5449
5990
5324
5182
5367
4750
6053
4969
5138
5603
5532
5110
5501
5075
5800
4613
5285
3735
5093
4885
5224
5268
4629
5551
5356
4876
5513
5740
4687
5150
5419
4458
5914
4946
4414
5756
5463
5113
4718
5222
5713
5412
5247
5224
5436
5124
4880
4712
4779
5690
5602
5023
4098
5551
5379
4646
5563
4670
5552
5966
4608
5067
4682
5171
5186
5495
5022
5551
5357
4952
5112
5303
5595
5556
5703
4082
5285
5598
4940
6060
4879
4846
5636
5611
4939
5296
5614
5698
5879
5145
5901
4987
5646
4865
5380
5051
5382
5560
5129
5324
5114
5241
5610
5560
4954
5848
3807
5672
5328
5268
5898
5996
5211
5800
5040
5843
5486
5943
5295
5452
5314
5057
4821
5569
5189
5487
4578
5600
5467
5009
5349
4859
5316
5245
5277
5167
4378
5302
5040
5139
5077
5276
4915
4995
4967
4767
4699
5000
5170
4728
5726
5765
6036
5218
4388
6116
5420
6075
6087
6023
6224
5679
5833
5820
5528
4372
5558
5568
5348
3523
4960
5246
5618
5441
4367
5021
5331
5097
5197
5362
5197
1593
3693
