4947
4943
6197
5294
5667
5308
5943
5240
6183
6281
5959
5740
5642
5834
5193
6167
5684
5931
5518
5030
5903
5977
5825
5634
6005
5656
4884
5840
6204
5945
6157
5997
5519
5459
5272
4918
5886
5203
5808
5969
5296
6303
5466
5693
5699
6233
5954
5557
5789
6042
5003
4186
5846
5021
6254
6068
6168
6203
5540
6770
5261
5530
5639
5275
4789
5031
5959
5815
6179
4814
5664
5230
5846
6115
4814
5683
5713
5682
5806
5715
5997
6540
5953
5152
6119
5453
6298
5722
4917
6058
5700
6341
6138
5548
5743
5804
6413
5945
5887
4927
5867
5851
5904
5750
5362
5759
7157
6367
5386
6018
5904
6037
5956
5914
5397
5735
6216
5199
5924
6273
5574
5319
5544
6003
5088
5098
5540
5556
5658
6250
5569
5773
5356
5745
5618
5645
5932
4503
6214
5628
5880
5983
5739
5623
5800
4662
5154
4732
5115
6018
4909
5439
5627
5668
5952
4813
5839
5610
6241
4866
5791
5715
5752
5975
5450
5799
5766
4947
4908
4957
5890
5770
5924
5350
5678
5857
5752
5003
3997
5312
5113
4705
5744
5655
5449
5167
5437
5754
5441
4322
5921
5632
6165
5393
5490
5929
4855
5745
5779
4757
5906
5867
5640
5678
5888
5212
5472
5221
5800
4107
5702
5804
5307
5749
5090
6027
5876
4663
5724
4983
5473
6027
4490
5642
5713
5848
5130
5558
5729
4569
4495
4858
4699
5392
4982
5079
6138
5969
4667
5032
5623
5910
5959
5535
5211
5505
5357
5882
5906
5219
4928
5028
4671
5332
5784
4914
5535
5925
5822
5595
5445
5585
5435
6182
5820
5519
5517
5649
4539
5571
5544
5742
5641
5568
4991
5222
6001
6019
5286
5330
5521
5761
5609
5309
5334
4521
5339
5847
5840
4203
5645
5244
4290
6187
5644
5468
5404
5986
4939
5592
5181
5260
5239
5531
5568
5076
5706
6156
6061
6264
5679
5817
4982
4415
5046
6235
5878
5500
5564
5579
5671
5516
5839
5686
6247
5584
5446
5817
5780
5454
5229
6085
5355
5016
6079
4892
6130
5874
5335
5531
5929
5094
5969
5693
5693
5882
5651
5290
5545
4634
5764
4134
5329
5403
5065
5873
5371
4649
5283
5178
5431
5960
4138
5239
3247
5790
6034
5480
6149
5788
5789
5487
6352
5512
5264
5740
6273
6003
5128
5718
5372
5951
5486
5318
4238
6343
4758
5466
4864
5956
5687
5657
5512
5557
4965
5622
4938
5289
5684
5891
5440
5521
5472
5371
5475
5992
5474
5800
5464
5949
5713
5867
6267
5234
5504
6010
4792
5331
5780
4408
5309
5379
4881
5337
5767
5991
5543
4198
5927
5413
5617
4864
5246
4330
5659
5280
5645
5637
5219
5138
4950
4602
5004
5540
4874
5461
5446
5136
5744
5568
5566
5578
5385
5893
5013
5577
5240
5462
5363
5322
5810
5233
5740
5882
5997
5957
5036
5339
5443
5142
4545
5593
5572
5456
5194
5810
5498
5310
4961
5525
5499
4886
4930
5364
5157
5741
5655
4733
5994
6133
6422
5984
5796
5508
5444
5003
3931
4630
5922
5566
5837
5666
5125
4857
5493
5959
5928
5821
5957
5927
6119
5328
5645
4942
5876
5728
5483
5850
6182
5692
5854
5678
5914
5745
5058
5504
5804
6010
4632
4950
5485
6207
5336
5140
5238
5972
5903
6220
6125
6196
5803
5485
5244
4662
5115
5640
4933
6070
5596
5787
5694
5267
5132
5824
5517
4461
5642
5491
5335
5023
5621
5251
5696
5952
5554
5691
5439
5777
4789
5761
4917
5284
5716
5438
5911
4609
5596
5151
5748
4730
4446
5197
5547
5751
5811
5117
5837
4915
5610
5671
4022
6363
4643
5705
5180
4911
5302
4613
5668
3915
5553
5562
6067
5618
5556
5374
5803
5161
4874
5478
5011
5867
4855
5626
5484
5538
4930
5641
5918
4986
5222
5929
5340
5463
4743
5292
5532
5083
5659
4550
5336
5766
5582
5575
4959
4225
4887
6273
5991
5990
5976
6132
5337
5733
5754
5138
5606
5022
5033
5074
4785
4972
5818
5665
5911
5769
6135
4911
5475
5436
5736
5182
5458
5948
5629
6304
5804
6302
5737
5902
5103
5854
5222
3967
5865
4473
5263
4412
5585
4734
5965
5637
6176
4477
4918
5042
6027
5292
5993
4742
4625
6208
5732
6265
5376
5997
5709
6055
5831
5732
5517
5996
5398
4751
5600
6264
6041
5656
6286
5073
5885
4400
5085
5638
5152
5322
5620
5539
5037
5257
4459
5601
5004
5615
5124
5395
6016
5716
5826
5420
5530
5545
4572
5006
4834
5747
5525
5759
5748
4948
5129
4759
5038
5403
5746
5903
5971
5699
5786
5232
5518
5247
5777
5702
5577
5265
4661
5584
5854
5513
5751
5671
5518
5841
5432
5209
5810
5808
5469
5648
5949
5765
5775
5633
5739
5468
5457
5964
5618
5188
5044
5759
5629
4680
4950
5297
6010
5490
5120
5227
5178
5388
5081
5372
5836
5460
5107
5256
5987
4365
5474
5366
5631
5233
6123
5483
5184
3904
5042
5827
5500
5672
4936
5508
6250
5626
5690
5169
4389
6000
4871
5152
5339
5745
4461
5647
5759
5679
4574
5576
5441
5648
5138
5740
4480
4508
5502
5515
5826
5521
5447
5385
6092
5229
5751
5186
5993
5389
5489
5753
5997
5237
3901
4633
5179
5633
5705
5756
5530
5901
5409
5610
4991
5154
5864
5621
5448
5905
5711
4424
5337
4860
5985
5577
5849
5829
5587
5325
5811
6109
4999
5698
5785
5666
5430
4697
4962
6153
5525
5616
5326
5813
5845
5243
5187
4716
5078
5790
5638
5577
4544
4311
5911
5585
6015
5034
6056
5601
4695
4821
4965
4806
5925
5822
5460
5720
5976
5823
5038
5471
5339
5123
5857
5602
4754
5822
5766
5819
5222
5328
5273
5924
5324
5622
5948
5819
5566
5303
6097
5565
5755
5823
4958
5925
5070
5372
5251
6035
4660
4255
6210
5897
5524
5462
5631
5088
5374
5234
5356
5903
5878
5926
5305
4952
5644
5427
5329
5062
5610
6034
6354
5866
5844
5223
5675
6392
6168
5842
6171
5214
6715
6158
6099
5163
5218
5900
6136
6345
5642
5667
5477
5584
5383
4388
5545
5912
4994
5437
6035
5554
5055
5313
6169
5508
5576
5722
5070
3701
5313
4953
5767
6144
5250
5279
6053
5754
5399
5749
6083
6185
5733
5348
5378
6034
5969
4559
5847
5812
4756
6203
5702
5214
5957
5730
5843
5611
5651
5544
4348
5074
5578
6196
5675
5224
3990
6102
4212
6482
5963
5368
5896
6377
6008
5631
6232
5129
6254
5909
4482
5100
5621
6141
4252
5854
5076
5676
4825
5819
5636
5805
5667
5251
5541
5078
5525
5593
5785
5690
5737
5771
4564
5690
5444
5482
5138
5412
6011
5618
5261
5640
5936
5177
5696
6176
5530
6310
5517
5696
5745
5197
5528
5801
5822
5932
5735
5944
5539
6175
4940
5600
4681
5165
5587
5362
5852
5926
4328
6153
4918
6600
5966
5141
4773
5329
4901
5906
5712
5153
5182
4594
6173
5964
5725
6283
5952
5647
6465
4428
5032
5249
5279
5403
5045
5715
5462
5549
5890
6065
4953
5499
5579
5163
5702
5012
5414
5014
5884
6172
5906
5613
5465
5035
5803
4454
5577
5858
5991
5268
5251
5958
5224
5769
5890
5943
5220
5838
4896
5637
5699
5268
5782
5404
4832
5477
5123
4704
4927
4430
5475
5456
5882
5747
5480
5323
5774
5475
4959
6453
6045
5317
4703
5466
5547
5966
4868
6041
5753
5788
5766
4764
5288
3941
6273
5366
4869
5746
4941
5022
5725
5970
5578
5123
5214
5933
5297
5645
4374
4386
5656
4762
5312
5156
5816
5282
5418
5095
5585
4957
5573
4912
5647
5590
5182
5627
5831
5560
6308
4831
5919
5601
5893
5835
5566
5710
5306
5871
5773
5709
5779
5968
4624
6043
5594
2659
6233
5863
6035
5893
4206
5593
5211
5782
5226
5112
4528
5199
6056
5104
4651
5012
4519
5385
5664
4929
6010
6024
5314
5885
5235
4861
5963
5817
5812
4603
6043
5675
3973
5103
5716
5752
5651
6011
5666
5558
5605
5657
5441
3728
5274
5383
5537
5755
4851
5424
5680
5248
5451
5285
5335
4825
5933
5477
5955
5104
5113
5674
5962
5236
5637
5195
5663
5411
5513
5657
5392
5116
4587
5463
4108
5522
5958
5740
5479
5274
5250
5167
5516
5691
4935
5754
5300
5788
4982
6534
6323
5759
5737
5904
5656
5342
5672
5604
5703
5316
5690
4957
5400
5950
6032
5250
5412
5466
5630
4693
6172
5377
4273
5583
5396
5991
5598
5680
5590
4690
5290
5270
4617
5371
4983
5521
5609
4298
5647
5681
3623
5470
5330
5522
5301
5740
4957
5137
5373
5231
5020
5253
5008
5441
5135
5013
5540
5136
5113
5444
5252
5872
4390
5201
5425
5661
5013
4203
5479
5141
4116
5836
5725
5524
5366
5833
5524
5196
4615
5044
5377
5288
5253
5182
5470
5346
5087
5219
5144
5555
5430
4211
5955
5781
5472
4686
5206
5280
6030
4966
5029
5562
5882
5371
5283
5119
5051
5449
5109
5514
5720
5313
5457
5592
5662
4775
5639
6051
4814
6326
5742
6026
5130
5024
5833
5032
5975
5543
5639
5273
4293
5025
5303
5767
5423
6121
5257
4678
5524
4506
5820
5482
4411
5690
5556
4968
4955
5625
5477
5525
5845
4841
5961
4288
6126
5663
4379
5312
5467
5475
5655
6115
6005
6146
5025
5747
5448
5190
5536
4783
5544
4843
5849
5612
5565
5348
5077
4710
4903
4759
4520
5202
5592
6202
5530
4612
5197
5617
5648
4537
5997
5623
5518
5660
5932
5307
5857
5785
5439
5329
5501
5780
5552
5105
6077
5186
5587
6143
5075
6031
5858
5925
4819
5683
5553
5140
4897
5055
5298
5754
5619
5694
6174
6278
5201
5289
5388
5279
5589
5496
5740
5727
4639
6047
5795
5872
4745
5462
4665
5333
6155
5378
6049
5811
6112
4979
5309
5432
5920
5883
5994
6429
5484
5335
5764
6302
5769
4408
5477
5673
6103
5715
5817
4267
4581
5785
5068
5554
5413
5250
6055
5516
5843
5766
5271
5386
5152
5221
5387
4476
5628
5443
4975
5423
5154
4897
5370
5819
5770
5672
5535
5606
4905
4894
5395
5630
5699
5818
5467
4841
3900
5461
5457
5487
5224
6027
3699
6151
5105
6218
5539
5548
4714
5879
5150
6046
5777
5646
4768
5603
5692
4493
5637
5342
4804
5505
5814
5557
4818
5651
4500
5754
6159
5467
6174
5701
5535
4507
5211
4597
6313
5040
5633
5569
4662
5514
4925
5189
5212
5246
4929
4308
5771
6089
5784
5479
5546
5536
5946
5162
6055
5812
5197
5354
5320
5922
5521
5518
6136
5016
4846
5788
5292
5153
5111
4536
5276
5128
4308
5223
5521
5631
5097
5568
4775
5258
5812
5253
6145
5733
5402
5298
5376
5645
5892
5731
5406
5397
5392
4823
5591
5390
5544
5815
5332
4918
5312
4240
4626
5413
5307
5212
5483
4797
5391
5451
5424
5779
5529
5493
5002
6178
5556
3916
5351
5366
4961
5787
5393
5537
5370
5060
5281
4685
4336
5733
5141
4911
5027
4604
5147
4341
5619
5808
5605
5268
4877
5281
5376
4811
5751
5876
5129
6074
5522
5320
5971
5625
6135
6268
5660
5653
5547
5530
5439
4990
5658
5975
5783
5610
5624
4772
5925
6055
5406
4616
4298
4175
5900
5152
5174
5931
5834
5309
5831
4736
4566
4945
5828
5786
5472
6095
5636
5478
5677
5277
5712
5676
5708
5207
4976
5779
5149
6411
5374
5655
5545
6047
5000
5428
6138
5980
5137
4400
5851
5416
4589
5056
6200
6337
5850
5828
5472
4579
5846
5924
5187
5950
6061
4701
5538
5154
6080
5318
5442
5387
5473
6042
5044
5607
5624
5717
5700
5197
5629
5923
5411
5686
5196
6077
5943
4798
5045
4897
4866
4608
6097
5580
5623
5346
5384
5598
5067
5905
4127
5736
5343
5393
4930
5095
5648
5749
5222
5366
5909
5699
5752
5279
5487
4015
5028
4799
6039
5540
5448
5175
5058
4796
5492
5757
5861
4280
5222
5752
5434
5563
5650
5893
5424
6065
5254
6141
5397
5967
5843
4113
5775
5853
4788
5926
3984
5052
5601
5071
5087
4859
5767
5606
5002
5559
3594
4332
5205
4736
5322
5879
4366
5097
5202
4627
4710
4240
5788
5628
5331
5388
5462
4671
5971
4251
5670
6374
5538
5293
5531
5737
4588
6220
4713
4372
5095
5163
4387
5673
5508
5148
6101
5534
5326
5746
6348
5326
5731
5238
5352
5715
5193
4186
5250
4125
5145
5974
5365
5538
5080
5411
5271
4862
4658
5792
5651
4985
5384
5294
5702
5484
5699
3883
4874
5560
5866
5456
5459
6026
4733
5538
5436
5014
4780
4666
5564
5531
4479
5513
5628
5170
5196
5550
4829
4920
4188
5007
5581
6027
5669
5216
5549
5506
5926
5306
5215
5331
5626
5185
5020
4646
3904
5639
4842
5239
5611
4743
5507
5389
5343
6036
5512
5163
5618
5438
5411
5148
3885
5067
3931
5585
5705
5717
5521
5157
3559
4999
4743
5627
5641
5961
5742
5487
4700
4722
5624
5482
5348
5510
5293
5062
6024
5420
5412
5368
5233
4883
5773
5629
5190
5557
5755
6065
5475
5951
5822
5406
4957
5241
5637
5872
4705
5416
5007
5345
5487
5740
5790
5326
5628
5942
5921
5636
5740
5775
4432
5113
5660
5370
5725
4084
4685
5656
5503
5392
5545
4910
5513
5691
4585
5525
5220
5659
5785
5944
5962
5505
4737
4382
4023
5337
5439
6249
5468
5532
5623
5754
6199
3659
5336
5367
4955
5844
4728
4198
4676
5126
5260
4474
5763
5201
5185
3941
5655
6027
6031
5790
4790
4994
5511
4767
5922
5957
5072
5369
5767
5659
5257
5384
5098
4108
4945
5144
4963
4898
5404
4596
4920
5461
5578
4556
4644
5056
5161
5681
5729
6085
5880
6071
6286
5983
5200
5256
5194
5275
5583
5974
4642
5190
5135
5554
5508
6038
5787
4922
5755
4988
5353
4654
4852
5249
5504
4996
5646
5092
4681
6050
6101
5792
5309
5484
5216
5394
5038
5771
5141
5707
5245
5482
5965
5564
5914
5269
5206
4727
5361
5494
5282
5898
5350
5578
6236
5649
6162
5365
5350
5821
5418
5487
5176
5835
5510
5573
4786
5495
5197
5690
5601
5312
5366
5857
5603
4969
5585
5640
5847
5900
3723
4989
5243
5347
5454
4675
4872
5625
4942
5624
6107
5459
5463
5528
4234
5053
5062
5670
5860
5936
5709
5596
5384
5611
5510
5944
5601
5253
5512
5551
5191
5715
4499
5047
5500
5635
5431
4513
5055
5404
5944
5150
5186
4785
5749
5725
5113
5804
5758
5720
5569
5578
5624
4535
5764
4911
4886
5567
5236
5835
5613
5537
5165
5784
5331
5269
4290
5519
5820
5110
5901
5378
5575
5881
5985
5638
5922
4943
5279
5871
6531
4809
5692
5777
5600
5088
5292
5743
5664
5372
5023
5131
5624
5661
5781
4624
5734
5446
5627
6248
5313
5230
5355
5185
5600
6395
5416
5314
3974
6100
5172
5245
5153
5153
5987
5820
5567
6057
5100
2542
5426
5145
5210
5414
4735
5936
5863
5579
5685
6271
5889
5629
4982
5302
5116
5358
4542
4827
5311
5509
5647
4287
5854
5465
5585
4440
5185
6348
5665
5778
5006
5305
4951
6028
5665
6058
5339
5681
5659
5386
5700
5113
5702
4486
5120
5596
5463
5871
5502
5251
4861
5686
5873
5206
5635
5378
6106
5272
5363
4937
5359
5954
5501
5308
5998
5304
5054
5368
5871
5694
5558
6106
5772
4317
5747
5454
4566
5360
4940
5335
4759
4308
5499
4488
5144
5136
5769
5401
4951
5994
5435
5084
5886
5296
5831
5572
4707
4321
5946
6172
5534
5415
5401
5994
5196
5815
4866
5259
6116
4476
5748
4763
4880
5267
6299
5855
5755
5423
5486
5251
5314
4493
5838
5081
5406
5381
5849
6078
4757
5097
5598
5874
6259
5804
5036
6159
5852
4868
5729
5343
5564
5189
5723
4769
5745
5324
5697
6308
5890
5250
4920
5024
5001
5368
5388
5977
6039
5744
3850
4943
5086
5978
6089
5595
4943
5512
5394
5746
5653
5715
4588
5300
6274
6047
5312
3564
6100
5418
5249
4769
5488
6082
4900
5761
5203
5486
5926
6003
3905
5710
5994
5885
4826
4586
5879
5355
5813
5255
4640
4639
5499
5405
4800
5506
4090
5538
5898
5691
5605
4984
4745
5946
4889
5597
5136
6290
5789
5512
4937
5689
5797
5161
5731
5136
5423
5906
6243
5885
5405
5033
5713
5458
5393
5370
6163
5512
5091
5738
6271
5430
5655
5373
5839
5174
5569
5587
5078
5706
5829
4707
6116
6352
5407
5094
5679
4919
6158
6217
5883
5849
5816
5568
5908
5233
6163
6091
5049
5156
5436
5698
5256
5431
5471
5036
5271
4464
5170
5340
5234
5723
6131
5960
5630
5282
5406
5435
5287
5245
5345
5246
5182
5057
4896
5206
5424
5548
4676
5479
4993
4482
4872
5294
5602
5848
5386
5516
6191
5629
5397
5972
4880
5131
4996
5324
5808
5237
5269
5717
4592
4949
4419
5240
6620
5647
5282
5776
5600
5632
5803
6221
5318
5363
5229
6034
5282
5870
5679
5415
4807
5073
6177
5764
5618
5497
5003
5745
5953
5941
5382
5505
4564
5341
4912
5569
5866
5788
5467
5569
5687
4984
5262
5938
5539
5620
6089
5550
5636
5746
5041
5189
6146
5049
6088
5269
5391
5666
5019
5551
5592
5235
5557
5569
5817
5368
5728
5063
4944
5306
4900
5206
5654
5845
4770
4666
4673
5507
5541
5709
4628
5782
5926
4755
5031
5524
5896
5670
5197
6178
5026
4700
5513
5707
5688
6097
5470
5608
6288
6453
4597
5361
5250
5580
6142
6033
5927
5989
5600
5818
5839
5718
5595
6070
5560
5554
5799
5819
5409
5359
4782
4876
5238
5313
5340
5886
5561
5050
4814
5022
5089
4083
5459
5462
5049
5473
5241
5314
5514
5809
5375
5082
4268
4759
5252
5183
5228
5576
5193
4572
5287
5306
6131
5071
5067
5439
5607
5255
5149
5432
5619
5369
5505
5634
4092
5330
6080
5591
5537
5612
5670
5858
5367
5432
5172
5010
5619
5912
5646
5104
2572
5668
5850
5579
5928
5552
5623
5600
5813
5441
5131
4325
5106
5155
5876
4789
5324
5353
6077
4747
5886
5767
4641
5217
5067
5375
3541
6015
5895
5647
5372
5196
5975
5158
4877
4754
5829
4844
5642
5902
4815
5870
5596
5707
5547
5074
5992
5676
5380
5854
5623
4206
5708
5984
5077
5641
5595
5363
5714
3965
5525
4767
5438
4788
5634
4483
4785
5616
5591
5095
5354
5443
4823
4758
6154
5466
4978
4945
5668
5473
4530
5629
5312
5439
4930
5308
5603
6247
5208
5588
4917
5249
4835
5120
5706
4998
5751
4986
4969
4407
5677
6185
4843
4912
4659
4731
5429
5049
5087
5364
5954
5131
6534
5465
4508
5294
5071
5294
5117
5681
5184
4305
5750
4302
5543
4443
5528
5258
5374
5513
5816
5059
5324
5517
6170
5738
5287
5034
4214
5602
5697
5094
5511
5313
4914
6028
4413
5160
4716
5968
5501
5799
5726
5130
6132
5592
5068
5374
5623
5801
5165
5802
5438
4694
5612
5455
4480
5977
5600
5798
5192
5148
5366
4644
4408
4968
4842
4343
4851
5140
3927
5249
5488
5514
4740
5806
5079
5499
5943
4770
5916
5811
4547
5371
5747
5532
5221
5484
5448
4936
5128
4662
5578
5524
5445
5773
5132
4949
5017
5475
5584
4909
6183
5992
5262
4900
5967
4410
4946
5217
5340
5855
5898
5716
5637
5570
5741
5457
5766
5413
5689
5494
5789
5401
5535
5027
5341
5692
5423
5343
6278
6115
6108
4920
5511
4814
5281
5226
5226
5358
5681
4459
5193
4095
5382
5658
5789
5599
5103
4823
5927
5535
5246
5093
5033
4981
5981
5703
4196
5826
4803
5943
5901
5370
4993
5152
5270
5244
5129
5549
5118
5730
5256
5890
5729
5595
4615
5231
5530
5437
5084
5134
5693
5750
5467
5180
4960
5458
4694
4976
5950
5777
5034
5538
5585
5984
5416
5427
3927
4594
5409
5344
5858
6098
5612
5776
5413
5719
4278
5486
4902
5491
6036
5425
5293
5491
5476
5178
5494
5205
5349
5157
4754
5351
5645
5875
4951
5250
4847
5647
5363
5470
5741
5722
5723
5694
5063
5370
4883
3795
4606
5558
5748
5175
5625
5400
4158
4978
5390
5281
6022
5146
6014
5573
5366
5171
5507
5055
5242
5512
5306
5164
5566
5211
5203
4786
3437
6083
5121
6160
4250
5965
5249
6054
5268
5541
4547
5950
6152
5504
6316
5026
5888
5360
5665
4928
5502
4655
5343
5373
5620
6020
4831
4590
4672
5616
4996
5632
5298
5274
5905
5320
5747
5243
5231
4561
5855
6102
5499
5538
5803
4533
4837
4380
5571
5962
5527
5302
5528
5413
5542
4288
6133
5773
5447
5278
5199
5845
4892
5341
5918
4667
4988
5435
4652
4961
5453
4314
3551
5590
4914
4843
5343
5364
5380
5315
5961
5604
5524
5686
5285
5541
5080
5080
5600
4898
5086
5643
5107
4761
5384
5178
5758
5603
4211
4789
5976
5399
5840
6085
5786
5611
4861
5614
4744
5527
5890
5573
4908
5699
5720
5783
5760
5708
5266
4825
5692
5940
5221
5442
5363
5866
5618
5615
5580
5735
5415
5281
5843
5629
5510
5350
4678
5279
5299
5459
5392
4641
4828
4541
5777
5806
6027
5329
4670
5653
5101
5338
5104
4790
5939
5855
5892
5309
5841
5492
5447
4602
5873
5473
5794
5765
5592
4688
6245
5521
5390
5613
5719
5859
5602
5029
5833
5285
5234
5749
5741
5780
4751
5727
5244
4564
4952
5209
5791
5347
5396
5798
5566
4800
3757
5273
5628
4786
4005
4525
4701
5819
5488
5534
5856
5287
5605
4876
5839
5205
6032
5700
5019
4979
4946
5757
4627
5331
4791
5455
5699
5771
5823
4654
5815
5714
5622
5812
5576
5018
5120
5807
5674
5804
5508
6412
5819
4678
4732
5582
5023
5322
5362
4955
5348
4580
5410
5536
5242
4983
5453
5453
5443
4839
5598
5933
6023
5647
5763
5678
5627
5456
4614
4704
4895
5239
5642
5212
5130
5616
5578
5404
4312
4689
6048
5478
4563
5495
6115
4983
5648
5568
4790
5382
5007
4809
5693
5739
5739
4893
3732
4511
5264
4367
5393
5958
4828
5530
5572
4782
5292
4523
6129
5025
5410
5813
5606
5712
5345
5220
4961
5103
4473
5325
5528
6050
5741
5518
5169
5747
5410
5168
5044
4994
4745
5503
5320
5819
4610
4424
5121
5391
5731
5412
3786
6456
5403
6310
5401
4682
5266
5952
5509
5923
6091
5693
5769
5566
5801
5511
5694
5852
5538
4917
5736
4876
4255
5505
5607
5002
5763
5165
4851
4949
4821
5023
5595
5947
6092
4712
5693
5760
5177
4690
5778
5971
5454
4931
4972
5164
5927
4371
4823
5682
5802
5063
5537
4882
6551
5508
5772
5463
4017
4657
5748
5110
5757
5447
4881
5352
5781
5609
5332
5354
5782
5463
5837
5961
5628
5150
4740
5571
5413
5800
5600
4912
5031
5516
5655
5852
5147
5243
5609
5584
5378
5483
5689
5476
5474
6194
4695
5865
5193
5227
5636
5261
5776
5703
5422
5092
5945
5444
6016
5810
5325
5617
4634
2514
5708
4966
5198
5257
5475
5677
5347
5254
5452
5324
5081
5197
4971
4737
5413
5409
5429
4337
5677
4521
5666
5279
6124
5438
5332
5823
5848
6038
5926
5325
5241
5806
5015
5865
5017
5110
5442
5021
6087
4987
5498
5497
5363
4627
5713
6156
5281
5809
5698
6245
5449
5407
4921
5209
5582
4567
4994
4766
5353
5074
5386
5568
5504
5892
5542
5596
5447
5586
6204
4964
5626
5255
5420
4816
5983
5741
6048
4819
6038
5354
5502
5273
5234
4952
4817
5354
5641
5924
6272
5153
5843
5520
5854
6235
5002
5178
5378
5548
5424
5196
6497
5590
5291
5268
4947
5074
5726
6015
5668
5973
5912
5205
6009
5967
5837
5989
4991
6486
5815
6506
5907
5616
5724
5942
4934
4360
5604
5594
5292
5583
5520
4801
5598
6719
6054
5416
6583
5799
4987
5278
5839
5710
5597
5396
5504
5664
5697
6006
5244
5915
5571
4952
5265
5873
5665
5061
5975
4712
5418
5117
5292
4454
5524
5803
6269
5676
6335
5493
4782
4402
4179
5322
5756
5173
5470
5634
5207
3475
6691
6316
5743
5636
5324
5281
5337
5619
6163
5492
5972
5804
5880
5517
5055
4226
5944
5353
5543
5621
5891
5540
4797
5975
5935
5680
4609
5644
4386
5125
5633
5982
5567
4734
4685
4606
5941
5726
5460
4648
4565
5855
6018
5747
3848
5428
5933
5433
5827
6082
5269
5897
5536
5468
4913
6058
4520
5650
5344
3894
4995
5695
6045
6072
6327
5173
3798
5623
5705
5448
5785
5322
5546
4630
5616
5307
6104
5991
5672
5777
5544
5264
5209
5641
6261
5002
5891
5556
4798
6057
4830
5918
5643
5790
5156
5629
5101
5812
4798
5229
4463
5108
4488
5864
5236
5171
5324
5915
4973
5928
5726
5272
4937
5398
4728
5981
5079
4553
6133
5648
4852
5523
5460
5753
5202
5548
5453
5407
5328
5044
4408
5642
5794
6126
4896
4341
5781
5484
5156
5345
4790
6046
5819
4520
5089
4704
5182
5356
5426
5398
5727
5005
5320
5181
5300
5749
5542
5381
4766
5684
5595
5362
5542
5257
4605
5756
5692
5006
5618
5693
5967
6061
5059
5315
5943
4763
5460
5545
4992
5487
5664
4979
5942
5088
5475
5844
5287
5445
4794
4788
5559
4988
6060
5834
5709
5793
5567
5143
6408
5522
5782
5729
5527
5117
4822
5577
5250
5560
5266
4992
5582
5577
5336
5595
4766
5016
5904
5352
5089
4707
5021
5136
5496
4746
5844
4535
5183
4464
5439
5063
5381
4960
5014
6016
5915
5559
6034
4755
6054
5933
6159
6341
6215
6460
5772
6018
5805
6140
4782
5594
5659
5332
2914
5941
5615
5646
5320
4134
5807
5590
5236
5346
5301
5395
