10237.11
6266.68
12100.13
4822.48
6971.23
5046.76
8061.19
4825.29
8753.43
4058.12
5951.66
7625.72
7000.31
6917.89
5775.95
7363.08
4235.37
8199.27
6386.38
6494.98
6750.98
6782.69
7214.34
8313.74
11092.54
5804.62
6895.00
17289.49
6426.37
6577.83
5930.64
7143.58
5490.99
5137.69
8091.86
12178.90
10362.82
6440.50
11377.89
5564.06
5795.34
10729.99
6312.63
11700.89
6522.31
12150.80
6780.73
6842.49
8301.11
9756.50
8056.60
10861.43
30918.40
6877.76
14267.36
5341.75
5435.15
4649.23
6596.64
6559.92
7747.52
7743.86
6180.07
6929.25
6913.63
14686.84
10208.15
5713.43
8003.13
5342.81
12097.25
7515.58
10588.75
5811.06
5488.25
15494.92
6394.90
8446.83
7220.97
6906.85
7133.72
5782.59
7852.56
6597.26
12609.65
5757.74
9239.14
6179.39
6382.70
14538.61
6322.94
8955.56
6414.53
4515.09
6924.68
6163.58
5630.41
4207.83
4808.87
5548.24
15422.71
6649.73
5858.29
5356.37
5501.17
8483.27
10134.23
4859.65
6456.96
7120.88
6219.92
5540.62
5493.50
6468.65
5648.19
9363.36
6522.99
5769.60
6601.26
6643.24
6749.10
8962.26
9525.14
7417.91
5265.24
10801.97
10069.07
6431.77
5289.31
12715.35
7482.95
12767.58
5425.74
10336.86
5229.28
7921.01
5748.98
7239.47
21223.03
4065.05
5997.35
5293.64
5037.96
6912.43
8236.47
6761.59
22377.41
9368.76
34402.30
19527.94
11344.48
15844.28
11593.41
7546.99
5823.46
6076.29
19043.17
6349.54
5701.60
6060.55
17848.76
6240.02
11225.60
7449.62
7614.84
12691.60
6565.43
6657.02
12316.06
7707.41
11403.71
5640.51
5554.88
5980.30
10778.11
6041.63
6415.40
6506.25
7662.18
36293.61
7543.88
9203.10
17102.86
7938.12
6676.21
7280.99
9046.39
6669.27
5780.81
9289.22
17102.33
6380.34
7530.93
5308.85
12536.08
12231.71
5323.03
14741.47
6579.78
6594.67
22730.55
5154.92
6467.32
6807.17
8106.10
6223.90
9282.93
6923.20
10538.10
7662.46
37144.82
6589.75
7259.08
9263.75
6195.65
12300.18
5718.10
6308.46
16045.13
8556.33
8071.24
5801.53
5456.36
19201.68
10201.28
7418.07
6955.04
12090.64
6817.02
6055.71
20614.30
14362.37
21470.18
11648.06
7353.89
10057.90
17793.57
6140.06
6267.79
22253.55
17453.80
7249.46
6845.72
6657.51
6628.80
9867.73
7299.71
10409.06
7657.13
8322.12
12078.95
18514.46
18649.62
15414.86
9210.52
7602.24
13694.12
7094.30
5536.71
6303.53
7496.22
8642.19
6700.63
9121.97
4720.68
8040.12
7698.19
8884.27
7499.23
15507.28
6656.94
7558.73
5845.46
9129.53
7211.54
9307.42
14441.02
4620.27
5077.61
9267.36
9514.89
6965.14
6495.70
7987.27
7980.22
10136.34
20238.39
7818.69
5244.92
6710.06
15561.43
7019.82
9269.23
32858.32
4897.90
7419.65
10584.89
7682.17
5959.86
10250.35
9785.87
12411.18
12759.28
8072.04
7403.91
7986.45
14011.31
6398.83
5798.14
8307.73
8341.55
9143.98
8136.51
16429.15
23956.69
9547.75
6444.54
7317.60
6722.54
7884.34
8687.38
7998.40
8243.64
7329.50
5222.51
5817.70
6925.26
8097.59
10803.70
5847.39
11203.36
11107.97
7392.93
9094.90
14533.34
6906.31
15936.54
7046.90
7122.24
12220.88
10770.72
9164.02
9484.82
8303.41
6899.07
6809.32
7685.52
8628.92
6000.83
9627.31
13568.05
9016.07
22360.27
10557.41
7534.92
15125.88
8643.11
7585.89
10776.35
8669.77
10418.87
7909.07
6544.85
37207.23
9081.97
70206.54
6001.17
6144.52
7294.17
5883.95
7897.10
9658.39
8247.81
6553.22
7682.11
13342.70
7856.63
5716.65
6546.36
11614.57
5765.68
14837.79
5797.99
9856.41
8304.47
23216.85
7068.49
15329.03
7437.68
14357.74
7379.61
8523.68
8228.82
6405.16
7543.51
9370.59
21970.01
13402.84
8212.87
8327.96
8841.93
6286.32
8970.77
8558.09
8357.45
9133.26
6194.05
13429.09
7615.01
8510.51
10935.92
7826.90
6163.14
4875.84
6906.96
13916.87
5390.53
9662.18
9874.07
8118.22
22611.32
7892.65
7420.94
8362.86
8614.72
7276.91
6641.29
5591.21
24969.03
5881.91
8951.45
9318.70
13699.73
9755.57
17841.29
8340.06
8660.48
6192.90
5616.23
9996.29
6738.24
10058.29
17392.64
13073.36
7329.30
13202.91
9988.93
8275.77
10536.79
8651.13
8448.61
10863.12
8253.11
11848.80
5451.12
10733.86
8219.43
8065.65
11034.66
6017.45
13353.97
6893.81
13196.30
6197.72
8151.54
7341.50
5974.33
8258.03
7747.33
8586.01
10414.04
14126.15
7470.09
8475.26
10034.08
8117.29
11088.29
7556.93
7095.89
14198.73
6910.15
7870.94
17295.29
7835.12
6204.63
10161.68
10999.71
6705.79
12748.06
6669.93
6217.15
5187.39
7275.96
6230.81
12586.05
7086.91
10460.03
25171.17
25892.67
7050.31
6507.00
7869.09
10209.21
14250.16
16468.40
7808.01
7879.30
6323.07
6425.45
6852.42
6106.01
6615.78
6911.81
7249.53
12891.01
7078.60
6287.90
8775.64
6000.56
6848.68
9567.72
5821.23
5844.90
7323.24
6113.61
9800.19
8453.58
8045.44
6576.95
13181.19
9470.95
6262.89
6212.05
10362.16
9777.96
15621.90
6705.37
7668.60
5695.49
7168.28
6457.79
8387.03
7577.70
7818.96
19974.81
12246.53
7437.60
18394.10
6375.94
9775.53
9547.52
6672.81
15937.26
16523.72
8971.33
9275.92
24140.50
7503.20
7933.88
9356.19
11837.37
9710.07
11613.98
7855.02
7624.95
9606.19
8975.73
8220.50
6664.57
11740.59
9023.12
12176.35
8328.25
7196.25
6595.79
6722.13
11241.03
18708.27
9573.76
9325.60
18914.53
7987.36
36203.35
9079.43
7001.28
6124.15
12797.69
5807.52
9956.92
8992.40
6303.95
27032.61
6034.04
14776.27
6559.69
8974.00
18456.30
12083.56
11184.33
6424.97
22874.94
6582.23
6698.66
5834.88
9329.73
8014.97
7382.84
6637.43
17546.49
8060.42
12321.74
7990.12
5690.56
15510.33
7124.49
8670.47
6967.58
16628.67
6743.44
6039.09
13268.06
11400.29
7797.91
10946.13
8998.25
19178.10
6970.59
15376.08
10570.18
7551.00
22984.52
9203.27
6996.42
6830.05
8702.93
15520.86
24803.45
28450.37
6290.38
6071.96
5740.84
5820.36
6361.25
7446.99
15226.11
7454.05
8096.84
7579.93
11813.28
12792.74
12079.59
7838.61
25342.73
11366.16
8320.62
6335.02
7686.62
6838.75
16741.58
8102.96
10426.02
6770.34
8044.08
7104.98
6066.21
11060.46
5666.50
6396.06
6137.53
7976.62
5641.73
14148.97
7537.62
8338.17
20199.25
5177.67
8955.44
21962.57
16970.79
6969.25
19982.84
6631.92
8368.01
7464.75
22459.74
14090.56
10449.31
6538.01
11566.62
8494.88
20035.59
23567.90
6896.57
9051.69
6271.96
8055.73
9765.67
6428.25
8843.84
7691.65
6137.49
8348.04
9358.16
10717.09
14888.48
8505.42
7255.13
6890.35
8221.40
5836.90
10146.35
12411.06
11528.09
20969.43
11596.39
9459.83
9251.65
7136.60
9551.22
5940.66
6281.22
23666.00
6930.10
12876.28
9511.46
13657.21
11337.98
13504.21
9433.49
5479.79
6569.92
12074.96
6343.42
38971.62
13073.35
22674.81
7847.24
6372.71
8459.85
12956.04
14569.83
8056.41
11030.72
15243.77
5886.08
11290.98
7275.22
6319.00
7407.21
5875.51
8547.71
6819.27
8794.64
6353.29
7029.01
8007.71
12286.13
10888.80
8792.88
5839.94
6676.90
6825.23
6150.39
7326.17
6365.13
6290.01
7729.84
7062.07
8386.78
8532.59
4783.93
8015.76
5369.64
6471.68
8800.12
6580.08
6726.93
11713.86
5734.16
9062.16
14348.26
11242.59
6988.08
8483.33
8070.79
18559.41
13993.42
7330.75
11319.95
10705.44
12607.00
9301.42
6768.84
15994.38
7502.40
8100.96
8335.22
9517.86
14418.57
5557.05
19361.15
9074.09
9733.82
5632.77
11054.26
6401.54
5464.38
6582.98
33916.09
12834.83
6984.76
6440.79
7496.86
13654.28
8459.08
7236.78
7851.46
7132.42
11560.34
19989.76
7962.44
14568.51
9702.16
8658.53
8943.07
17222.85
9024.02
10387.01
5814.78
17541.60
7281.03
7389.01
7140.73
7666.81
7326.76
15141.24
14224.42
7219.01
6429.62
5508.30
10425.32
8160.09
11559.50
7114.51
8903.43
8017.95
10792.87
6381.24
8033.57
6899.75
6926.32
6176.57
7971.81
24483.24
18390.25
8511.64
7812.92
8610.16
6325.00
6703.18
5704.03
7966.05
6904.76
11567.63
8442.51
5686.87
7600.87
8841.03
5708.57
8284.37
22373.89
10614.26
10844.84
7163.89
6660.61
5592.26
7596.72
12981.87
9053.12
6126.07
5601.01
9785.94
5805.00
8029.26
6866.15
7303.81
23387.86
11748.74
5219.12
10556.73
9012.05
16015.88
6809.61
7288.06
10416.25
12440.27
12741.92
11144.44
6117.29
7833.56
9958.00
14654.85
18897.49
8294.40
7020.08
6540.98
16341.52
5437.15
9791.55
15885.58
31958.24
20383.24
15226.41
7379.49
8650.72
7826.77
6940.07
5821.62
8199.53
16947.94
8483.74
9869.34
14602.23
5490.84
10637.83
11035.60
6058.56
7307.70
5823.54
9314.35
12513.88
6883.16
11133.44
10772.73
8701.86
10284.53
7334.45
8532.53
7203.61
5750.65
7125.55
8286.39
13520.78
6895.83
19767.52
6999.53
6867.42
9831.00
15149.02
23263.09
9327.07
11454.52
6028.37
8390.01
6388.52
8936.01
9302.32
6315.73
8455.79
6031.99
6918.65
9086.96
9389.97
9729.80
10695.68
7077.15
10020.85
18173.95
11128.83
7271.44
5385.12
5669.96
8560.47
6690.01
8318.46
6650.73
5961.36
8386.07
7699.92
6987.21
10660.09
5437.24
6431.53
10883.00
8657.76
8055.05
6304.35
6407.44
7397.37
6142.80
8520.42
11103.02
12123.73
6218.63
24461.88
5845.38
8095.06
10757.81
8695.33
5467.86
10921.72
13318.61
10500.96
8418.02
7427.51
8173.70
6632.01
37317.33
12390.36
27332.95
6754.24
8244.28
5839.83
13976.65
9304.98
5349.31
9339.09
7900.25
6557.74
6420.80
7056.98
8896.72
8723.29
7344.14
6036.96
16240.39
11367.69
8095.12
8698.95
11369.18
6271.10
6487.41
8741.17
7790.54
6767.90
6642.34
7225.18
9687.37
10329.58
12239.44
18629.29
5985.16
6351.80
10411.05
10191.12
35228.29
37491.09
6454.96
7543.67
6501.26
13825.81
7346.46
6932.22
8469.78
6975.31
8290.98
9899.27
6841.04
9643.99
8505.29
8186.57
7390.47
10144.94
10868.13
16361.55
8083.27
8375.26
11858.70
6498.29
8227.40
7945.58
6518.39
9779.68
10364.09
7906.76
8785.84
6648.99
6953.41
6378.82
7849.54
21324.02
7833.62
6614.73
8196.57
12192.57
6293.99
6648.36
7142.32
6635.04
9579.94
7379.61
8327.86
7700.44
7035.97
11775.97
6759.58
8483.23
7184.69
6816.00
13700.77
14383.11
6363.63
6724.02
6401.42
7623.96
7768.85
8878.91
6700.96
14129.28
9302.98
15629.71
15671.19
6245.32
7206.35
6743.05
9380.81
18572.20
6597.46
9402.86
8404.71
6534.87
8335.14
13430.35
12144.45
11661.45
8638.56
5646.08
6720.19
6531.71
23439.77
8119.69
6573.29
11018.19
5187.78
7683.22
7963.17
9866.32
13570.06
12266.00
8953.48
6657.55
6755.01
15638.91
6845.99
8447.51
8880.97
5993.04
6451.94
12130.94
11718.68
7300.26
13239.32
8385.27
7272.40
12191.80
17605.93
7336.61
8278.95
8108.30
9145.06
9442.62
18380.13
9335.90
12349.04
19272.00
5794.32
5861.89
13180.98
7547.52
10510.09
9834.76
6324.70
9159.22
6680.58
13791.60
6251.49
9184.93
11768.08
6105.53
12894.91
9605.70
12217.92
12494.55
5484.99
10372.00
10430.30
16530.28
17645.52
9768.81
7459.91
11319.68
8059.43
10853.86
12212.97
6287.04
9470.94
13084.45
9521.61
6247.40
7367.10
13612.98
12643.06
6312.15
10582.47
19731.60
7693.83
8017.09
10766.99
6358.70
14154.42
10134.50
18305.57
17309.41
5831.53
16506.50
6662.91
9154.14
13086.81
8224.29
7300.67
8504.56
11052.62
7731.18
12495.51
13385.57
5210.75
11228.08
22275.31
13280.13
8450.55
18021.16
11387.92
11409.00
6758.40
12156.34
10011.16
7292.25
10258.79
10288.50
7615.22
11024.39
6928.78
8624.76
5560.02
6612.25
9035.43
6794.02
6043.75
15820.29
9087.60
6701.62
6938.64
9316.12
6859.56
11114.49
8672.64
6978.01
7073.29
11696.74
6734.25
21725.31
7670.02
8206.05
73797.86
7776.95
9646.93
7550.40
6459.79
17930.46
12574.03
12813.78
7556.70
7899.02
10323.80
10445.59
27159.87
5952.07
15155.55
16153.42
10575.62
17626.42
6881.61
15921.85
9590.03
9703.04
6857.21
13369.44
7123.71
8466.29
12775.75
6346.67
6385.36
6681.50
16393.86
9510.58
12632.84
9265.96
27591.49
7823.27
8820.32
6491.44
7186.72
6786.73
6120.24
6735.30
8482.44
9952.99
37738.36
12447.93
8867.17
8804.23
13958.16
14229.99
10574.08
8048.61
12489.35
9660.04
6556.90
13545.72
10648.58
12811.02
9858.06
6385.76
19249.81
12084.65
7371.87
6442.29
8615.65
8452.99
10668.41
6045.74
7464.21
6365.53
4976.81
8504.63
12465.80
15475.90
7735.04
17948.02
17077.53
6005.38
4837.96
7356.14
11346.44
9518.23
10244.94
7833.12
9002.57
18047.13
7889.52
10674.60
6309.91
17366.14
7316.66
7966.65
11387.30
7392.06
5888.16
7102.47
9926.29
8519.31
10137.60
9656.23
6391.15
8213.67
12021.48
9220.37
5407.94
6516.58
7433.61
11352.08
10032.79
6372.87
7023.99
21244.79
9754.18
18080.11
8825.87
13548.19
7557.04
9260.41
9666.03
6960.37
16753.44
7560.76
11521.87
15281.96
7883.48
15817.38
10973.37
7285.50
34484.14
8986.96
7063.80
40947.60
7180.41
6710.12
10253.53
9142.30
6965.12
11412.34
9874.19
8338.25
5735.80
10700.72
6604.60
8140.28
7179.05
8115.16
12994.61
10414.09
13005.02
9887.36
8563.75
10828.47
7489.33
21031.89
8858.14
8719.28
6682.14
22699.92
20631.09
9198.63
7387.31
27256.71
7429.99
7463.83
12106.15
8420.61
6332.69
8287.50
10434.59
12928.21
10846.46
10151.92
10597.24
10195.53
10793.65
9384.82
14846.12
9486.08
7356.71
8890.16
9159.55
7992.91
23812.95
7360.96
8009.01
7714.58
11818.01
8459.74
8880.83
7973.33
11757.23
18799.65
7551.04
7287.30
10171.24
8141.29
13789.14
9872.93
7213.58
8885.23
9876.38
7528.56
12693.23
6571.96
19089.03
7777.08
15227.96
6376.79
5051.45
13209.33
5994.22
6586.68
7332.84
11849.08
13333.85
9935.63
14695.16
8245.00
9274.03
8664.05
8678.21
23714.19
12132.05
14022.04
7052.78
11122.09
5527.99
15813.12
11985.55
9193.90
17201.29
8758.85
11804.54
15709.16
7508.96
7705.32
14294.73
15686.33
10620.07
11871.25
10199.62
7093.77
11643.89
5206.96
26993.80
5903.07
7550.57
33389.24
8138.13
10108.83
7738.95
9027.95
5876.49
5768.82
15474.22
7983.60
14526.27
9963.91
13797.32
14048.47
13079.90
8065.60
11292.60
7606.89
5532.58
6121.54
10426.92
14612.23
17912.53
8997.93
37464.33
13721.69
10337.27
7919.92
8461.56
7841.24
14600.37
10201.88
7418.99
9786.00
21692.60
8751.36
7508.53
12791.89
7741.46
7943.00
10066.28
6107.09
11469.27
6857.56
11247.56
8929.66
9552.42
6953.76
8322.00
10120.68
7634.41
7679.32
7551.47
14838.68
7633.50
7872.37
13702.76
10480.67
10301.80
9046.73
11801.52
23707.09
6567.39
7984.20
9706.75
8891.76
6857.98
7397.51
8552.09
10181.88
10346.92
16007.42
10414.31
8375.56
6468.51
4992.76
17726.40
11916.42
9973.20
6883.13
9352.76
13598.92
5632.01
32720.38
7129.71
10924.95
8982.59
10322.11
7478.63
22961.23
10484.10
5524.77
8789.27
6754.14
6797.17
6657.31
7156.46
8567.96
6874.79
11760.97
6774.30
23450.08
6336.77
13442.72
7352.82
7412.64
7567.64
11836.56
34536.21
6993.58
7517.90
20555.39
6928.22
8473.22
7742.99
7252.57
6622.37
5920.00
18899.86
10578.81
10500.70
11171.88
12756.45
8967.06
17838.98
7792.61
15418.05
6845.08
6817.42
11565.60
20397.42
6080.06
8155.22
5990.67
6484.78
7652.20
16986.77
12350.81
10978.67
12548.07
7741.69
6418.80
7445.98
7966.21
34836.82
8969.50
9313.84
7942.03
10035.59
7221.27
12841.55
24605.06
8701.85
8681.38
7097.23
8890.21
10120.63
14989.96
8757.88
6636.54
6778.26
7017.52
12233.33
12685.18
7202.60
34872.87
6075.32
11078.79
9806.15
12435.54
7892.20
9792.18
13209.49
15215.80
17932.41
11860.40
9272.81
6916.45
10783.25
6838.34
10517.76
15546.71
13987.27
8555.57
12967.75
8611.10
13143.82
10665.44
12817.52
9988.14
10012.65
9950.31
6979.45
11531.25
13201.66
14640.19
11620.01
10500.50
8516.07
9874.48
7170.08
7436.45
9516.21
7126.07
11259.88
5901.30
6439.08
10038.99
12651.11
7160.47
7892.07
8874.68
7668.54
7119.88
7264.68
15174.55
11339.21
11899.01
13231.80
11496.21
8094.91
9521.96
27174.33
10464.85
7719.39
7797.35
13498.46
7141.23
8305.89
7884.03
10168.52
8467.77
7709.33
7523.43
6192.07
16995.15
6155.78
12100.84
6314.15
7961.26
6536.55
9787.46
12027.15
10677.02
10513.50
8797.74
7251.45
7602.28
7932.08
16913.64
7135.53
12577.17
17277.92
13678.05
8524.70
9888.50
11869.96
11713.86
15954.41
9551.38
9502.58
6802.53
7524.73
6404.05
14155.65
7456.06
11289.28
9256.13
37188.76
9541.93
9019.70
11371.08
7497.17
8531.99
6478.97
11770.37
16587.51
15294.27
7622.94
25152.61
7820.12
16455.43
9246.74
15397.80
11250.33
22522.93
13615.89
7629.86
6911.43
8885.60
13442.71
14266.70
7680.04
7251.01
12887.70
6491.05
7380.41
8464.13
5190.21
7422.48
12865.47
7887.89
8785.48
5852.26
8308.86
8568.25
7025.68
11180.75
9090.18
18760.27
8499.16
6499.90
7538.70
7185.85
7773.27
7941.09
26388.25
6866.79
6028.55
26514.47
10196.50
22007.39
16178.95
8180.64
7537.62
8244.10
5663.31
7354.63
8020.63
6143.03
25451.47
16778.21
8817.09
6215.65
6542.23
9375.06
9833.98
11530.67
6913.85
9003.37
8178.39
8271.49
8992.81
6438.27
9878.12
13226.26
8440.20
8589.70
5561.19
9028.19
10357.87
6273.24
19160.67
8954.07
8437.13
7140.06
6707.37
15711.42
20341.23
8218.34
10413.34
14014.34
18189.91
7997.07
5452.78
7182.12
5644.26
20025.63
10473.91
6442.93
8636.30
12682.58
7125.16
7884.53
13675.05
7875.74
9685.08
7648.76
6466.22
8312.52
10995.20
14774.10
9395.24
10708.34
5439.05
6382.87
7344.62
5896.11
19374.94
8395.31
7690.96
7641.72
10414.98
11121.53
9455.50
6295.00
21876.87
11313.09
14477.95
9382.68
11425.61
6826.46
6305.54
8781.12
6159.27
9939.90
12225.01
7738.47
10621.07
22677.49
8570.38
8070.69
15366.74
9669.73
17783.77
9741.77
7346.57
6258.44
5805.74
6860.85
9043.19
10338.06
15086.93
6874.86
41520.99
12727.60
16140.62
9051.60
7025.30
18307.04
20615.55
5900.99
22673.01
8099.60
10470.82
22068.31
10817.40
11512.91
9252.15
14397.04
7045.56
12853.85
8488.35
6543.50
7508.56
9271.94
6416.21
8517.28
7512.56
18147.71
8136.71
8350.50
9490.11
8349.85
15314.64
17807.15
12163.23
7150.76
9078.02
9176.07
10594.69
6214.37
8116.48
9522.79
38812.92
6923.03
30748.29
8664.78
27301.39
13304.74
6327.70
30601.35
8270.19
8724.07
21850.03
24532.33
5399.49
5454.90
9273.89
11318.93
8978.24
16493.45
6567.21
15235.74
14759.71
6906.17
14652.01
7211.80
8415.48
6128.48
9315.41
9957.85
8132.97
17780.58
17996.51
12808.71
24495.03
10536.66
6402.45
8142.53
5702.13
8023.11
6614.86
12224.39
5746.76
5716.55
10210.60
10743.14
13027.64
7953.72
6068.39
22054.74
8643.32
26337.96
10725.87
5845.60
7819.71
8721.57
10068.76
6961.69
8860.70
12221.30
10023.77
5707.84
7746.92
11490.77
9923.12
9121.91
5932.45
10599.61
7322.03
28229.25
14790.13
6279.72
8420.65
6476.39
11727.32
5361.51
11813.78
10964.47
12355.39
11403.46
10439.74
16268.87
7399.54
6025.08
18878.24
5195.60
6256.50
8086.72
9578.06
7175.74
8983.01
25580.68
26236.48
15446.81
8207.19
6515.31
8080.08
9729.30
11700.35
8597.39
6413.80
11421.68
10443.55
8083.86
7483.61
10315.53
13121.23
13672.45
54340.13
7972.98
19029.37
9755.91
8290.46
13461.36
11046.80
9860.57
10685.05
6940.51
7948.80
12084.24
5956.79
8347.53
11264.28
12208.24
23544.06
11481.60
20771.40
7607.95
8723.63
7143.36
7139.98
13533.35
42356.24
12169.60
12421.68
7694.41
7781.28
8612.00
7242.40
7464.24
12379.38
18638.25
7175.65
9860.21
9056.41
9001.98
8376.26
13395.17
5808.02
10450.48
8203.87
9223.05
13353.77
12197.14
8212.38
7824.86
8303.50
10633.08
5359.66
7374.38
7513.95
5635.45
5634.31
7368.72
19708.63
10446.06
7751.23
6284.00
18216.09
7198.15
10486.55
8724.62
6607.36
7599.51
7196.52
8814.42
8869.50
5074.94
7676.24
7491.32
6465.57
6966.06
18604.60
16091.87
7495.39
8303.92
7577.12
25788.67
12045.23
7641.17
5954.38
6783.62
8366.59
12423.28
7995.82
7096.05
16871.50
8453.63
10959.09
10142.51
6930.33
4911.01
6529.01
7625.64
12297.16
27519.26
20489.26
9212.12
8406.52
6717.01
6815.44
12244.58
6888.50
6187.93
5688.90
30485.33
6774.46
7335.81
14004.15
7970.54
18832.88
34974.12
20992.84
11744.21
11642.32
15091.19
6576.16
8224.88
27133.96
25478.17
7981.52
6210.94
6945.48
7452.99
8795.27
6447.30
7754.01
18405.63
6937.46
8525.98
11863.99
10495.16
5462.88
7016.78
9285.68
9303.30
10102.79
8855.71
11583.02
7572.41
10920.95
11622.09
7699.75
15159.25
10573.34
9013.82
6904.52
17867.70
13334.86
12265.80
8633.95
10645.52
6329.05
5479.67
6085.41
6552.65
5453.95
5563.39
14447.29
10603.57
12048.32
6859.94
7108.96
5524.72
17320.80
11640.96
9379.16
8867.83
7151.92
5306.88
8213.45
9122.19
6824.74
13002.16
9856.62
11415.53
13358.02
8182.71
6731.12
8911.75
6515.37
15499.75
14348.90
5981.57
6704.43
7398.86
8445.73
7558.38
13801.94
9140.27
11194.40
7191.95
11387.73
6428.62
10131.91
7493.56
7760.16
9064.84
5847.85
11441.42
10299.52
16109.50
6647.77
6718.83
7663.58
6118.33
8765.67
6704.84
6918.29
8732.29
7413.27
7905.97
11732.28
6387.67
9360.91
7318.03
14709.79
7038.90
8760.72
9984.68
18144.19
7687.88
12701.78
8576.31
7673.56
9985.01
11249.59
6736.14
7342.68
10883.87
5956.13
9767.51
6241.73
6518.01
35561.31
12578.86
8340.33
9068.61
9167.65
28483.89
13393.25
8679.86
27295.26
8213.16
5575.30
8775.56
8806.94
8604.64
21829.23
9756.72
8518.44
7105.88
9457.66
7277.71
6833.61
10817.73
13024.48
8103.12
8973.79
7154.49
10320.02
9986.18
7768.88
9935.82
12830.66
6086.73
20169.42
6960.64
7762.83
7051.97
7233.68
17140.27
7852.94
9657.91
6712.35
14758.16
12674.34
10653.93
5976.59
8452.41
9608.70
7391.28
9172.25
8272.79
8719.45
10197.84
10240.24
17142.55
8649.02
20859.95
18436.94
9937.40
9879.56
8122.28
8519.19
6939.76
16285.20
8060.40
15304.77
8757.42
22290.43
8168.72
9700.15
15089.64
8557.38
8656.98
12123.78
6662.86
7504.57
12354.27
8873.90
13929.31
7933.65
7519.28
7175.85
12853.31
7290.87
6331.28
7183.96
11639.64
12351.53
6919.88
8664.61
7750.20
12855.89
11753.16
7616.42
9554.15
7952.99
15661.43
9376.89
8872.85
9366.01
7228.82
12249.89
11074.99
10195.42
10454.29
10242.16
6772.13
8355.31
10676.13
32266.69
7069.75
10663.28
7786.31
9335.50
11106.66
8147.39
8609.19
5342.18
8083.16
12860.47
78630.92
8488.28
14584.57
13276.65
7598.49
15712.65
6585.60
6603.35
10836.17
7456.73
6063.45
6845.36
7817.73
19689.11
8343.21
10703.43
13023.77
17412.46
18931.22
8613.90
8303.83
6264.69
28994.24
5738.61
7829.14
7834.18
25291.69
13782.83
7630.67
8588.10
6034.79
20715.81
13468.12
10509.13
5644.51
8389.88
6385.21
9944.21
9331.24
8317.66
9825.06
7040.15
10223.97
6576.30
24031.20
12469.19
7229.87
6616.40
8046.59
10270.39
9144.30
23479.87
9961.00
7816.40
11339.44
7660.32
12914.42
6224.01
14068.22
7785.34
11926.06
10605.86
7279.04
7249.79
9023.88
6030.97
10784.46
12675.42
9265.60
9331.70
8207.20
14660.88
6997.20
7587.69
18185.49
7373.81
6897.89
27505.77
8853.07
13869.29
7006.43
15000.68
23582.23
7039.78
18757.76
9588.87
9459.21
6069.10
9999.85
12580.59
7146.10
9277.06
11363.18
7040.92
9272.21
7168.86
8984.33
12988.55
19936.72
6174.92
6070.37
7805.75
8128.96
8682.12
5996.71
10599.19
6748.03
12760.90
5396.90
5450.34
19920.22
7446.16
20440.53
14280.03
11819.03
5962.56
8575.16
8643.13
10052.54
9059.81
8598.02
8658.56
15914.25
8547.55
8726.93
10265.31
7998.54
7143.37
6527.27
15490.70
19409.83
7344.09
11327.28
7972.31
7898.82
11897.98
8121.23
9631.49
15041.07
9819.19
9083.03
11910.02
13531.94
6490.71
17110.40
11640.73
9503.90
6978.89
6729.27
6497.02
15831.01
20253.36
14897.54
10481.45
8193.58
11498.82
7690.79
7519.43
7532.78
37893.51
20202.51
20623.91
6260.02
6175.14
7473.58
13803.85
7497.48
8399.85
7442.88
6280.28
6638.68
16369.52
8306.64
8104.27
5763.39
8617.95
30356.60
8688.18
7605.56
11041.60
21693.93
11234.53
7972.89
14783.46
8776.67
18941.98
9096.80
7091.66
5938.97
26678.55
15063.30
7103.37
7696.41
16481.07
16397.65
8395.33
9709.83
5779.02
7911.88
13100.59
12513.74
6925.71
7399.46
19278.48
8807.33
22631.56
7025.37
5487.33
7095.53
10285.55
12668.35
14916.39
8865.68
15365.98
10159.97
23470.11
7002.14
13324.89
6196.33
10807.42
6543.48
8370.09
8847.27
7590.70
15515.78
9117.32
5942.56
9680.01
6971.08
9104.11
15080.92
5926.33
8378.67
9966.96
9883.49
6405.11
8460.53
12723.29
6714.65
9160.48
8912.87
7053.70
9275.59
5442.73
8494.81
8734.09
11449.53
8197.00
8483.17
8281.66
20942.66
6407.21
7359.33
9061.85
12895.36
12892.84
9442.24
4819.90
5354.43
7419.28
8075.35
12446.37
8131.01
8765.58
16810.83
7683.23
5920.72
16435.01
10272.03
10622.53
8985.28
12656.14
9643.38
9393.13
11694.05
7592.26
18688.70
10745.51
10151.94
13813.69
5944.38
5656.01
5299.38
8996.41
6215.71
12509.14
6716.01
8151.81
11550.81
8083.65
10690.04
14126.61
10523.80
10764.35
9467.71
9944.92
8382.53
13239.76
9668.77
9718.89
17555.42
18696.91
8534.49
9805.76
7869.95
11638.69
6863.59
6809.15
8663.73
9486.03
7261.49
10444.77
7117.29
12815.55
9133.52
5368.09
10076.44
11502.02
9200.87
18093.76
15299.96
15334.61
11913.68
5980.46
20062.16
6028.21
6270.18
7941.48
6410.92
9989.34
5630.32
9249.25
11684.36
16317.01
7074.20
9270.97
7882.13
6895.97
10983.08
13350.59
11930.59
8053.78
6120.62
9717.90
10390.94
16045.73
8450.91
8600.02
6571.12
10143.75
7784.51
26926.72
10936.75
14490.59
7409.73
7840.55
7989.04
10896.50
6191.28
10307.41
17049.11
15913.36
7766.87
6177.52
9135.89
6253.89
8829.49
8981.07
7511.17
10017.43
15612.80
7405.89
7549.20
5892.23
20132.19
7350.46
9570.81
15461.29
9098.66
7925.39
17133.72
9672.03
7535.36
7877.89
9928.69
6921.12
11630.24
17080.61
10624.70
17763.55
7419.53
6436.33
6854.77
20369.77
15951.57
20895.41
7575.89
7959.84
6847.58
17411.15
9787.38
6915.84
9500.82
8568.67
10188.63
7802.17
7077.49
16168.57
7620.97
9739.19
22863.31
11704.29
6222.07
6940.50
8660.06
12363.40
7715.07
7027.98
7260.47
21857.19
15143.18
11198.64
7632.58
5881.81
6444.40
5639.34
10124.77
6600.59
8724.02
8011.27
6858.29
10158.89
8359.59
9273.24
6530.41
7630.90
10134.53
9689.65
6584.27
13805.51
12926.93
8789.83
11228.35
9966.44
7212.70
7890.32
13837.39
9751.44
18191.31
10583.14
23915.49
7821.22
10103.43
9547.10
7532.84
7349.24
10916.99
7506.08
7160.94
7661.44
9211.72
19805.44
11137.33
8524.44
13730.78
6875.85
9288.62
9938.73
11639.90
14058.70
11678.73
7302.56
8108.07
12911.88
9450.29
7306.81
10004.15
11950.06
8694.83
7330.21
8527.31
6591.05
9043.70
18798.40
10587.42
5581.50
8665.79
7179.83
7101.73
7073.34
10700.96
11608.68
8634.15
8378.73
10090.87
9461.79
5582.14
6230.94
12399.69
17510.53
53458.01
8230.97
9662.39
6714.51
7172.76
10312.66
8901.55
8074.21
8754.99
8750.32
29673.99
11161.50
8364.28
14750.86
20475.85
6953.73
20394.93
7141.68
12754.23
8841.55
6554.27
11368.29
15104.60
8736.34
11059.65
20236.54
18161.77
6250.90
11013.34
8509.90
10591.76
9930.45
9644.87
12358.11
8313.26
13268.03
15080.44
5794.03
10913.54
11398.10
6680.41
6909.81
6370.80
8867.48
15188.54
7160.13
6839.31
11717.65
7641.53
10231.09
27857.78
5682.53
10192.30
10991.22
11479.77
7819.03
11518.07
7044.88
32610.67
9899.31
8348.43
20170.01
22494.59
9516.85
14347.70
21645.67
8132.09
7608.10
8566.91
13549.28
8150.27
18858.47
13144.41
10833.61
9470.05
9242.21
14545.24
7598.30
6647.05
13069.50
10688.05
5734.02
8078.84
8239.57
7772.48
7556.55
6185.78
7350.06
9200.56
21823.91
10600.54
14107.13
12080.92
10734.07
16426.02
8293.76
10395.56
18856.60
22370.91
7707.83
6688.51
18425.53
15595.28
31055.35
19038.46
7904.75
8238.98
17933.97
7402.23
8889.13
12911.29
6053.03
6254.06
15783.94
6814.49
7613.88
9729.85
12858.84
9939.75
13244.84
17462.96
7154.40
18050.74
8466.76
19565.83
11305.64
8830.99
10505.16
9554.01
10447.89
15046.76
12896.16
6934.01
7574.99
6122.14
9740.93
11513.48
23842.45
8150.91
6991.72
10829.55
7854.75
11824.06
11108.93
7317.98
24653.97
7607.02
14324.49
8436.07
6966.83
6712.98
8468.45
12602.63
6056.42
5919.72
19404.09
6909.39
7688.25
10887.98
10349.95
11016.10
6891.79
12032.86
8249.73
11103.50
18172.50
5085.27
8449.05
10620.51
8103.27
8899.11
7458.03
8838.38
16872.28
9817.63
11494.43
23224.76
15769.30
6737.56
25644.30
10220.33
7578.00
8483.31
14208.75
7352.56
10286.60
7376.18
5483.42
18474.16
6472.62
11972.01
10222.24
8478.23
7647.02
11002.95
9311.73
7363.73
6796.46
12555.01
20337.75
5398.42
8649.97
8129.60
5944.93
5514.96
8967.45
18526.07
10421.34
6116.04
7120.45
13080.05
6951.41
8206.55
12584.55
10073.85
12745.55
14097.46
10850.47
9856.43
8068.29
5974.50
6047.15
6099.06
5706.12
8026.69
7811.68
7330.24
9086.06
6554.07
8357.81
6160.79
8627.93
9355.38
9503.27
10200.04
7862.01
9764.92
9077.64
6260.19
5834.94
7149.25
17684.91
6575.09
15548.02
7417.81
15618.29
5976.43
7926.33
8426.59
9754.46
19423.88
18394.47
10595.73
9499.63
11358.59
7885.75
11723.39
9251.47
18289.20
7851.26
6287.97
19284.74
9233.39
12809.68
6332.78
5960.40
15733.60
17170.04
20253.60
7227.31
9091.27
8509.65
17292.31
7195.19
15082.64
6218.99
9324.79
7274.72
6941.76
12670.95
9252.09
7792.53
7305.92
11605.59
12448.95
15745.99
7213.60
7516.43
8479.44
11751.13
16021.64
6506.40
8081.36
7087.77
9176.90
6300.32
20747.69
11168.85
9048.18
7702.47
7143.96
14466.20
8193.94
6830.04
6407.38
8872.89
17381.60
24684.18
6915.74
7470.63
10268.19
5959.79
6927.54
7957.14
9717.98
7061.89
9393.64
24292.60
19742.61
9657.01
8609.40
6698.72
6610.28
10026.61
8051.26
10811.29
11437.71
9442.31
10079.41
8904.81
26611.88
8836.17
6765.88
9156.86
6786.08
18326.02
8572.90
9436.30
14188.81
8232.01
6664.61
5842.86
10037.90
8136.95
7164.45
8648.23
8535.17
22116.00
23070.79
5523.85
7961.10
8705.17
9577.83
9139.96
11005.10
23556.94
16133.26
10220.31
6497.56
7059.19
6552.18
6129.63
8606.16
11052.75
6502.07
9291.45
14992.62
9576.84
7381.13
13818.01
8596.61
12426.77
6491.25
14653.36
83430.16
6268.70
10482.18
8257.76
18337.89
8017.72
7163.77
10050.48
7643.96
8441.69
8526.63
7304.01
6065.71
6013.45
9091.29
8902.79
6486.99
10018.34
7136.18
7420.24
9539.46
8141.03
10922.04
7050.26
7887.21
6347.60
11023.75
11562.09
11837.45
6635.23
11809.17
6622.62
6323.73
6481.35
9294.98
11621.92
8836.86
8540.75
10534.52
13929.20
7642.89
5010.62
6062.92
12618.73
8662.13
7953.93
26332.35
21845.04
13080.69
4715.17
5837.94
7878.60
5673.17
20178.69
8626.23
16300.09
10741.07
7102.04
6551.63
8772.12
12224.17
8484.91
18745.10
9125.45
6555.20
18104.20
14904.66
8624.20
10179.81
9972.82
12578.64
18096.21
52002.04
7195.56
8084.18
16155.46
7960.00
12869.74
10579.13
6005.22
10294.31
6757.56
8515.41
8253.79
8116.42
7709.38
8656.67
10845.11
8011.95
5945.68
16990.07
14197.78
11149.78
12607.21
8227.01
8178.17
4974.57
8825.68
7835.46
8782.86
16226.40
9266.24
6623.32
7308.99
5675.75
7376.53
16558.03
9127.33
13939.92
14603.49
7538.58
8274.66
8800.44
11534.41
6527.58
6890.01
6227.21
6453.96
6520.84
9873.60
20463.81
10160.54
10455.78
6663.79
10045.46
6178.22
5917.84
10186.08
10989.74
6393.55
8857.98
8514.58
5103.46
6909.99
11388.26
8606.51
9399.76
14882.17
10313.71
8718.71
6489.53
12209.60
10121.06
10179.42
21948.42
6495.23
5982.44
8580.10
7214.39
21698.06
7665.35
13664.01
10678.58
15097.14
6791.17
5929.42
8232.61
12070.31
6249.36
8479.11
7370.26
22970.51
6915.26
11433.56
7403.72
8052.69
7430.29
16230.94
5392.15
6606.46
9047.30
6319.39
6136.72
6152.83
7908.41
10276.62
5829.21
10501.35
14982.82
7026.72
5812.61
5413.50
14474.03
7428.65
7182.51
18246.33
8723.65
9703.14
6313.79
8242.78
7382.74
6908.80
7090.20
11884.71
27388.98
11453.75
7114.51
7762.70
26400.60
20448.58
18495.72
6497.52
6891.94
7705.40
5991.11
6689.99
12212.67
13960.47
9399.04
11015.65
6290.09
8066.97
14188.70
11814.68
13613.91
5371.97
15346.95
10459.32
13820.57
7876.20
11359.32
6363.67
7567.34
10583.93
16869.42
6660.77
11047.08
6636.74
8818.25
10211.31
10608.56
7432.80
8425.41
6712.08
10545.45
5619.73
6775.50
20938.80
18638.91
9102.27
11310.81
7318.58
8301.16
14987.38
11623.84
15765.82
8101.20
6735.93
13983.28
9769.67
10346.87
7776.28
7279.68
23663.34
8508.78
6478.56
6493.23
7607.97
6752.97
6826.26
9588.39
8304.93
13622.57
17115.11
15547.29
12296.61
5464.41
22248.85
9589.40
8954.72
6772.30
10842.26
18638.01
20277.72
6112.47
6701.47
14855.88
7695.64
6371.91
17748.15
7485.30
8046.94
18357.90
8219.91
13415.19
20299.32
5511.41
9634.72
6771.73
15706.16
36956.96
16948.45
7866.92
19190.20
5935.03
5515.12
17072.56
7439.87
6313.73
11309.73
9813.88
18555.74
5333.26
7668.98
18803.73
6086.25
6980.93
8041.10
8303.69
12029.08
23025.92
8113.62
20169.59
9911.07
7129.17
6953.69
6799.99
7515.80
8224.31
5951.68
9149.94
8824.97
12178.61
10298.66
11410.98
7761.23
7007.95
17972.88
11294.24
20818.28
10368.42
11051.83
5639.62
13325.11
31766.24
7442.00
7313.73
5567.19
10871.05
15212.23
8535.57
5789.64
8134.62
6576.30
5286.04
7352.01
5700.80
10251.13
7458.43
6586.64
6260.79
12496.16
6063.76
9236.78
9044.70
17378.55
28185.17
8728.54
7583.40
10237.96
8303.70
13309.46
9631.29
15877.88
7081.75
16971.13
7768.94
5839.28
6112.38
19524.35
6230.76
6861.70
15729.10
7134.39
7714.62
7825.92
8507.76
11905.25
10085.10
16279.68
5701.71
27408.76
10586.04
5247.64
9054.96
14489.92
24452.43
6062.62
11108.58
6090.58
9715.31
8751.54
43354.50
12129.22
8966.47
9161.75
8461.82
21006.86
8609.77
8647.69
12454.56
7528.94
10653.47
15245.55
8130.33
7462.38
6605.23
5641.15
7125.65
11072.42
10259.48
9108.79
6116.48
9091.10
16025.61
12182.65
9321.50
7605.10
8406.08
9382.77
11029.17
9151.03
13631.85
5410.41
10879.41
9453.95
8935.99
14514.24
10762.83
9397.07
13115.83
11334.47
9202.81
9182.77
8279.21
9042.55
7131.04
10417.52
10615.18
7178.15
6163.74
7961.44
11492.97
10997.08
11637.60
15204.35
14775.01
49476.23
9516.20
14930.47
7450.31
8577.39
7437.60
6682.96
7013.14
6687.67
9010.51
7111.86
7538.56
8791.68
14776.15
13203.49
7828.34
6748.53
16774.21
20022.40
17501.57
8842.98
13758.71
6291.67
9899.01
9354.95
9424.59
6893.01
6838.02
7980.15
7516.64
8903.35
9422.34
6077.27
7095.46
9485.40
6869.22
8709.28
18420.81
7672.24
7428.10
20599.62
6051.46
9919.22
8837.56
20928.50
7321.94
10281.47
5706.62
8721.08
6451.35
8449.28
7697.11
12934.70
7051.30
12771.80
10822.97
20434.39
18895.51
8814.51
7495.83
9448.72
12638.74
6307.54
7150.55
6396.77
8771.79
11545.79
6917.32
11068.16
12938.96
9947.71
10368.91
7317.69
9006.43
9694.70
7300.19
9644.14
20209.57
7453.06
7774.45
9504.27
7972.51
12641.15
11014.72
11140.50
13310.67
7776.64
8498.73
6907.95
6609.25
13278.32
11682.44
6704.10
6543.31
13799.76
7965.28
9948.74
13242.80
7001.15
9077.08
9721.35
8280.67
8870.10
14545.49
15313.02
9882.46
10069.64
8083.55
10640.15
11392.95
7309.57
10104.47
5579.22
7769.21
6221.25
7187.00
9037.80
7581.25
9500.20
5441.10
7094.72
11310.02
7374.77
9990.08
11108.62
10727.04
20901.85
8186.04
12777.59
5352.28
8668.18
12535.82
14272.94
9761.98
6438.37
10380.08
7207.08
6023.60
13178.16
21942.88
7625.74
6578.86
5938.04
9402.75
9785.23
8865.39
9146.86
8856.33
8965.68
10972.82
6145.82
7365.98
13424.56
8385.90
6991.48
13747.21
9723.07
7994.24
10142.51
8412.04
10559.94
9341.03
21607.13
8710.12
7059.14
7309.43
9059.74
6885.76
10168.54
12770.05
20580.07
33819.71
8415.62
8462.75
13645.83
7916.88
9109.18
13804.99
40818.30
8682.56
6062.59
9671.24
7412.74
8904.46
7436.62
7945.61
9979.91
11013.09
6742.83
6957.56
5573.30
5455.01
8036.90
14793.87
26249.91
11266.56
7918.24
8217.63
7574.05
7167.24
7583.57
18515.11
6574.78
6692.89
8484.02
18152.02
7850.41
17949.64
12081.14
6109.49
7268.47
9159.30
13851.51
14023.63
13289.44
6015.72
9586.45
7708.09
13378.48
22491.16
6838.17
5801.85
10533.30
24696.15
17532.41
5805.97
9343.35
7537.82
6234.17
10159.58
6557.82
12976.62
9059.38
11864.16
6766.04
19459.95
8241.41
12206.94
22828.04
20992.52
9883.68
5436.45
6045.88
6041.82
17278.16
25794.41
17102.72
7272.51
8094.26
7199.11
7864.27
9093.56
22796.49
7059.54
11207.91
8436.38
7206.79
6710.59
5617.13
9770.19
10927.57
12164.53
7030.61
6975.87
9218.77
12123.59
7108.48
16399.24
5833.84
6096.64
23804.27
7426.36
7614.42
10408.96
6468.28
9764.64
8243.36
15881.56
9820.70
29077.24
7936.53
7314.25
17471.08
8166.09
12577.02
8572.51
8847.86
9392.53
6237.53
8661.90
16551.94
10604.27
6776.05
17379.93
5647.10
10580.77
13244.98
13177.34
9379.47
9720.07
16624.39
7479.25
7855.17
8686.98
9187.02
8780.04
7513.98
9018.68
12015.39
16949.54
16859.71
9262.32
7745.51
15769.78
23164.45
22774.79
8870.26
10980.65
16238.96
14262.98
7034.15
7681.99
16811.34
9446.75
13111.90
12906.63
11194.01
8391.97
11471.52
8125.52
10609.23
14190.43
12717.06
8572.47
5983.46
11764.97
7512.47
21685.53
9331.71
9824.45
12372.61
7993.37
18387.16
12726.23
10831.86
8370.69
8255.80
15028.66
6564.53
8942.73
7086.53
13272.14
5975.97
12018.93
9794.40
12236.13
10210.67
11525.72
7394.85
7930.02
10541.36
9990.32
9497.47
7092.48
11942.76
7556.78
10934.48
8445.21
22499.22
15879.34
9989.09
14733.30
6570.11
6732.68
12123.56
6953.62
11777.63
10237.45
9346.21
6076.22
9861.72
7668.46
9596.30
11737.36
14473.01
8203.71
9815.81
9880.39
16133.87
7862.67
8098.79
10431.34
8724.64
10241.76
7899.43
12116.52
9291.94
8545.26
12420.22
6160.44
11530.08
7606.09
9099.53
12088.23
10150.87
9911.64
12168.77
15671.81
13832.66
11873.72
10114.51
13155.26
6243.85
6309.20
6235.92
16040.12
12750.08
12287.50
9957.66
7978.83
8426.63
8624.74
6315.45
6275.52
8155.76
8261.18
10604.98
19892.55
6271.41
7968.73
11962.71
32240.61
46024.95
7432.78
6694.14
8082.01
18385.21
13315.02
7402.23
9757.54
7590.99
9296.19
7863.39
55410.52
99888.42
