4942
5752
6163
5646
5784
5427
5834
6378
5925
6985
6251
6062
5925
6305
5776
6230
5825
5777
4977
6223
6569
6327
6469
5662
5705
5232
5750
5890
5634
6592
5769
5647
5595
6030
4268
5856
5351
5303
6105
5455
6239
5539
6188
5756
5961
6065
6014
5821
6077
5494
4792
5200
5061
6268
5971
6231
6431
5913
5936
6259
5743
5510
5370
5578
4763
5937
6227
6075
4951
5942
5393
5715
5981
6089
5046
5534
6123
6251
5760
6409
6552
7003
4953
6290
6063
5949
5883
5093
5936
5781
6648
6383
6091
5448
6029
6396
6059
6028
5155
5881
5942
6436
5742
5237
5889
7008
6831
5768
5932
6130
6101
6367
5816
5586
6031
6168
5310
5828
6129
5173
5520
5764
6075
5245
5106
5840
5694
5326
6419
5954
5751
5461
5926
5786
5975
5919
4698
6400
5855
6105
6064
5959
5822
5726
4727
5641
4690
5488
5923
4870
5501
5441
5875
5853
5064
6030
5678
6475
4849
5943
5941
5726
6303
5485
6073
6235
5384
4993
4884
5937
5877
6118
5516
5937
6127
5749
5162
4140
5581
5137
4844
5704
6018
5625
5628
5687
5637
5638
4427
6078
5928
6150
5536
5529
5950
4876
5939
6051
4951
6157
6034
6013
5904
6076
5404
5632
4990
5900
4113
5793
5933
5522
5999
5234
6083
6048
4683
5607
4983
5477
6194
4631
5726
5934
5988
5279
5798
5866
4630
4731
5140
4789
5584
4986
5328
6189
6050
4808
5196
5860
6105
6067
5801
5218
5935
5565
6024
6146
5123
5161
4899
4896
5412
5515
5411
5579
6049
6137
5969
5759
5548
5548
6190
5881
5192
5967
5478
5038
5534
5648
5860
5626
5689
5311
5347
6097
5837
5430
5107
5688
5919
5437
5218
5662
4523
5456
5964
5828
4446
5715
5631
4444
6028
5769
5529
5515
5924
5456
5184
5836
5174
5704
5912
5699
5291
6096
6391
5842
6587
6040
5742
4098
5459
5713
5992
5850
5778
5782
5438
5811
6076
5874
5879
5744
6100
5140
6070
5245
5885
5476
5838
5637
5103
5650
5686
6439
5779
4794
6095
5651
5655
5997
5888
5765
6013
6135
5608
5234
5370
5291
4632
5626
5779
5080
6105
4612
5619
4962
5707
5662
5866
4549
4341
4657
5969
5747
5950
5589
6116
6260
5306
6312
5206
6113
6232
5972
5488
5544
5719
5901
5426
5452
4476
5807
5442
5627
4815
5294
6475
5792
5335
5935
5803
4637
5511
5571
5492
5352
5941
5233
5819
5451
5509
5512
5907
5928
6119
6004
5589
6033
6571
6197
5320
5997
4866
5217
5446
4310
5658
5546
5513
5042
5952
5616
6325
4242
5913
5646
5185
5370
4870
4874
4836
5680
5451
6103
5326
5274
5044
4542
5208
5642
5083
5634
5062
5995
5231
5679
5796
5859
5597
5688
5801
5248
5609
5003
5764
5060
5996
5086
5728
5437
6508
5996
5610
5334
5276
5243
4606
5856
5848
5261
5837
5538
5584
5316
5315
5047
5157
5124
5320
4833
5856
5271
5723
5031
5489
5994
6416
5754
6046
5372
5736
5167
4013
4544
5886
5854
6149
5465
5367
4818
5395
6101
5990
5937
6088
6105
5934
5505
5774
4849
5742
5914
5908
5680
6350
5602
6131
5744
5734
5786
5090
5701
5558
6102
5044
5284
5413
6111
5589
5201
4575
6143
5708
6256
6041
6397
6162
5542
5941
4364
5679
5656
4931
5919
5918
5546
6262
5136
5144
5723
5561
5002
5276
5926
5551
5509
5225
5620
5339
6007
5574
5803
5353
6053
4992
5805
5288
5229
5659
5366
6203
5855
4713
5296
5673
4730
5764
3757
6075
5491
5977
5054
5838
5531
5411
5636
4558
5711
5247
5441
5478
4522
5981
4312
5560
5071
4450
5691
6098
5953
5506
5470
5903
6151
4309
5010
5548
5406
4886
5720
5628
5799
5037
5700
5683
4916
5770
5373
5421
5496
4700
5890
5230
5391
5710
5558
4378
5994
5708
5800
4432
5038
4215
6332
6091
5993
5918
6170
5616
5176
6133
5143
6004
5521
5326
4868
5290
4299
6262
5249
5981
5835
5927
4837
5668
5533
5723
5644
5542
5924
5703
6376
6058
5971
5913
5815
5119
6013
5561
4223
5655
5302
4369
4818
5341
4723
6135
5748
6025
5166
4463
4874
6003
5772
5522
5037
4871
6600
5888
6523
6060
5714
6008
5913
5872
5685
5760
5748
5467
4955
5578
6219
6377
5541
6151
5722
5735
4338
5127
5384
5348
5080
5852
5404
5339
5130
4500
5850
5008
5652
5764
5626
5657
5692
5740
5151
5570
6503
3840
5050
4678
5876
6097
5792
5716
5342
5204
4916
4961
5891
5143
5891
5967
5836
6048
5127
5749
5294
5928
5864
5394
5202
4978
5456
5818
5779
5767
5891
5567
5636
5710
5286
5890
5818
5542
6217
5548
6019
6026
5480
5796
5721
5278
6000
5457
5420
5209
6004
5501
5638
4747
5204
5761
5589
5219
5080
5671
5242
5171
5735
5574
5572
5351
5196
6035
4519
5684
5231
6064
4767
6140
5416
5495
3621
4871
5858
5853
5867
4937
5693
6150
5748
5656
5208
4481
5994
5063
5221
5327
5753
4652
5762
5713
5677
4707
5638
5817
5734
5484
5607
4705
4591
5610
5532
5807
5359
5163
5576
6162
5163
5804
5297
6011
5413
5518
5854
6032
5368
3887
4842
5419
5877
5806
5961
5614
5898
5480
5673
5063
5188
5912
5819
5678
5761
5940
4645
5698
5012
6196
5669
5971
5813
5569
5343
5769
6282
4949
5825
5899
5926
5694
4949
5242
6290
5684
5040
5799
5859
6128
5237
5009
4884
5311
5686
5656
5370
4974
4544
5878
5561
6027
4994
5933
5477
4100
5570
5207
5313
5829
5896
5887
5988
6134
5886
5168
5639
4936
5562
5841
4958
5294
5895
6072
5814
5266
5379
5894
5637
5545
5960
5747
5970
5562
5746
6097
5450
5702
5594
5474
4831
6505
5695
5467
5398
4380
5409
5891
6215
5288
5680
5192
5928
5165
5171
5585
5743
5873
6013
5871
4936
5690
5700
4799
5799
6051
6029
6120
5964
5831
5228
6449
6740
6161
5988
5700
6401
6275
6065
5779
5394
5758
6665
6264
5737
5768
6367
5327
5423
5484
4261
6084
5638
5004
5366
6367
5660
5139
5201
6141
5898
5658
5859
4065
5208
3900
6149
6356
5390
5183
6243
6057
5295
5434
6583
6448
5902
5689
5618
5833
6166
5460
5375
5880
5446
5473
6338
5318
5807
5826
6293
5538
6049
5501
4950
5080
4387
6129
6308
5416
5177
4545
4389
5989
6020
6411
5052
5690
6576
6051
5640
5957
5980
6111
4887
5009
5334
5625
5648
4787
5019
5790
5836
5267
6058
5663
5789
5615
5182
5071
5737
5505
5823
5793
5852
5488
4812
5647
5665
4964
5368
5963
5229
6277
5614
5552
5783
5611
5468
6261
5680
6418
5863
5853
5782
5235
5756
6135
5712
5836
6157
6226
5605
5958
5402
6152
5076
4278
5775
5602
5728
5720
4938
5713
5419
5799
6292
5921
5109
5467
5140
5609
5610
5355
5529
4442
5443
6344
5724
6291
6104
6067
6332
4728
4947
5637
5445
5350
4920
6171
5730
5468
5714
6286
5070
5239
6176
5029
5686
5236
5751
4551
6206
6323
5881
5694
5610
5298
5491
5566
4711
5791
5879
5482
5971
5860
5461
5532
6188
5815
5640
5960
5426
5001
5539
5719
6047
5069
4973
5520
5439
5036
4623
4949
5265
5929
5726
5669
5587
5714
5621
5917
5030
6389
6147
5331
4850
5312
5806
5933
4768
6029
5920
5558
5922
4878
5497
3968
6574
5426
5083
5833
4933
4980
5677
5902
5565
5134
5340
5772
5312
5781
4539
4389
5721
4734
5318
5242
5985
5215
5334
5072
5700
4819
5470
4862
5677
5514
5177
5792
5980
5558
6439
5158
5862
5387
5784
5928
5582
5727
5304
6046
5913
5713
5978
6034
4754
6101
6152
2201
6220
5700
6114
5875
4629
5368
5254
5745
5354
5381
4705
4973
6148
5084
4759
5014
4803
5515
5159
5508
5678
6150
5241
6005
5273
5191
5852
5620
5853
5111
5774
5270
4828
4778
5381
5885
5585
5993
5610
5963
5503
5817
5767
3864
4882
5395
6090
5417
4903
5305
5786
5431
5456
5683
5149
5290
5466
5715
5464
5614
4832
5794
6041
5250
5470
5547
5417
5522
5554
6072
5216
5146
5037
5160
4704
4683
5757
5786
5714
5111
5184
5491
5371
5714
4956
5865
5405
5973
4851
6192
6394
6016
6086
5700
5633
5176
5601
5650
5827
5639
5774
5234
4924
6084
5774
5839
5461
5089
5976
5911
4927
6070
4623
5123
5518
5529
5933
5576
5724
5060
5225
5004
5114
4886
5409
4935
5840
5682
4467
5979
5059
4322
5301
5059
5334
5659
5452
5020
5442
5486
4856
5413
5043
5460
5264
5339
5060
5790
4971
5195
5620
5679
4825
5464
4998
5982
4828
4911
5135
5644
4119
5694
5900
5390
5835
5614
5868
5566
4385
5356
4921
5126
5673
4743
6295
5201
4732
5448
5256
5491
5603
5690
4443
5756
6027
4705
5227
5329
5644
5995
4536
5785
5739
5363
5285
5263
5432
4781
5317
5543
5746
5225
5906
5356
5985
5180
5564
5826
5405
5655
5845
5720
5073
5368
5478
5786
5532
5916
5540
5574
4271
5755
4648
6180
5169
6119
6098
4408
5465
4769
5334
5632
5312
4957
5599
4989
5039
5588
5409
5956
5561
5082
5836
4591
5769
5950
5451
4451
5980
5284
5549
6356
5983
6251
5080
5900
5069
5685
4985
5406
5144
5340
5660
5778
5638
5438
5534
4202
5425
4996
3827
5440
5655
6324
5546
4834
5107
5833
5802
4719
6401
5569
5536
5613
5854
5224
5836
5811
5506
5300
5523
5773
5615
5187
6176
5107
5582
6163
5153
5968
6031
5655
5009
5493
5741
5158
4730
5427
5191
5898
5666
5623
6134
6163
5415
5244
5532
5322
5761
5554
5742
5625
4652
6146
5560
5857
4993
5510
4168
5807
5761
5508
6111
5729
5604
5499
5651
5741
5945
5916
6358
6252
5407
5676
5823
6057
5352
5287
5191
5881
6198
6179
5125
3882
5618
5820
5149
5606
5554
5209
5786
5657
5941
4911
5925
5739
4801
5220
5813
4194
5875
5699
4791
5430
5124
4570
5985
5714
5673
6036
5350
5338
4791
5317
5793
5698
5807
5783
5316
3415
5412
5478
6126
5264
5403
5620
4392
5848
5308
6157
5311
5492
4911
5531
5433
6225
5705
5042
4691
6534
4434
5960
5592
5109
5197
5669
5803
5465
4712
5272
5262
6050
5836
5962
6030
5525
5084
4708
5469
5296
5730
5251
5609
4987
5106
5392
5275
5065
5105
5181
4838
5228
6049
6096
5862
5361
5673
5836
5606
5529
5948
5600
5110
5365
5819
5759
5717
6289
5568
4907
5233
5891
4838
5026
4872
5045
5213
4518
5024
5347
5448
4845
5908
5287
4701
5589
5448
5621
6037
5900
4664
5793
5176
6067
5925
5658
5631
5167
5071
5263
5558
5723
5452
5327
5054
5422
4878
4124
5213
5025
5576
5514
5088
4462
5619
5242
5795
5411
5695
4713
5775
5208
5091
4910
5094
5151
5647
5394
5255
5789
5366
4739
4793
5310
4475
5613
4856
5263
4801
4989
4632
5000
5945
5502
5475
5138
5150
5081
4768
5561
5576
5812
5269
6068
5470
5940
5739
5502
6265
5582
5973
5524
5374
5399
4630
5639
5882
6483
5407
5475
4983
5309
6092
5962
4392
5204
3629
4880
5797
5112
5431
5783
5753
5470
5533
3915
5365
5037
5952
5689
5874
5849
5173
5849
5405
5620
5404
5830
5855
5251
4893
5688
5482
6118
5520
5270
5811
5159
5625
5666
6048
5712
5121
4549
5611
5258
4970
5170
5938
6353
5662
5928
4648
5261
5962
5950
4975
5708
6250
4697
5708
5106
6171
5337
5316
5226
5431
5737
5319
5649
5460
5752
5777
5329
5951
5919
5568
5412
5509
5791
6187
4261
5023
5391
4842
4825
6033
5891
5355
5526
5735
5353
5452
5420
4480
5512
5747
5316
5156
4980
5707
5469
5104
5375
6032
5643
5733
5804
5484
4140
4960
4953
5847
5927
5416
4932
5444
4909
5490
5524
5476
5030
5307
5641
5595
5803
5563
5517
5255
6098
5209
5977
5595
5833
5815
4401
5923
5559
5259
5615
4192
4955
5612
5207
4998
5012
5797
5498
5233
4919
4378
3959
5713
4758
5258
6246
4245
4896
5235
4633
5021
3892
5951
5760
5409
5154
5269
5260
5886
4141
5657
6137
6068
5282
5446
5643
5150
5956
4806
4535
5060
4907
4879
5802
5154
5244
5973
5475
5253
5820
6261
5215
5855
5255
5447
5880
4989
4184
5240
3932
5392
5917
5446
5500
5156
5654
5121
4555
4943
6218
5650
5010
4988
5420
5751
5681
5465
3816
4960
5732
5623
5519
5439
5737
4876
5948
5114
5388
4626
4645
5344
5733
4470
5479
5683
5449
5263
5394
4525
5465
4033
5299
5691
6018
5685
5117
5456
5310
5952
5011
5373
5483
5599
5137
5054
4166
4774
5489
5005
5492
5442
4772
5613
5453
5478
6045
5062
5642
5591
5226
5618
4982
4214
5020
4084
5621
5744
5898
5451
4698
3983
4758
5554
5505
5702
6373
5789
5142
5162
4795
5597
5353
5478
5439
5632
5017
6289
5165
5892
5481
5116
5014
5721
5243
5592
5564
5720
5830
5464
6079
5824
5385
5015
5303
5703
5953
4685
5364
5121
5360
5500
5847
5761
5411
5616
5946
5708
5691
5876
5910
4585
4885
5783
5433
5784
3644
5413
5408
5576
5450
5221
5088
5823
5681
4828
5489
5245
5413
6006
5873
5906
5374
4029
5003
4250
5019
5925
5973
5649
5610
5555
5791
6136
3551
5473
5611
5034
5672
4738
4368
4613
4746
5672
4527
5544
4465
5704
4318
5843
5940
5824
5725
4576
5105
5557
4698
6133
5646
4625
5926
5902
5355
5461
4929
5281
4119
4611
5255
4805
4879
5436
4603
4899
5544
5948
4552
4663
5017
5244
5585
5927
5978
5878
6333
5980
6164
5159
5378
4974
5394
5513
5618
5088
5171
5143
5307
5539
6096
5502
5080
5219
5349
4931
5073
4634
5475
5446
5324
5474
5155
4790
5959
5811
5762
5479
5492
5098
5476
5260
5809
5245
5598
5381
5360
5560
5567
5955
5247
5150
4620
5589
5685
5478
6084
5426
5938
5990
6016
5943
5444
5359
5957
5163
5739
5244
5720
5766
5387
4739
5617
5313
5686
5651
4820
5755
5894
5217
5503
5718
5799
5945
5937
3795
4622
5528
5268
5473
4310
5377
5851
4674
5655
6152
5568
5511
5564
4135
5212
5402
5611
5885
6413
5956
5314
5453
5744
5668
5875
5305
5518
5679
5274
5579
5873
4440
4933
5720
5816
4729
5128
5219
5278
5873
4980
5151
5022
5708
5690
5290
5891
5579
5830
5747
5415
5525
4771
5771
4817
4633
5688
4998
5910
5518
4994
5975
6021
4923
5509
4106
5432
5768
5191
5765
5480
5558
6212
6011
5396
5932
5152
5656
5918
6352
5135
5666
5644
5618
5074
5260
5790
5551
5483
5151
5255
5705
5811
5788
4699
5722
5689
5514
6158
5281
5255
4977
5878
5594
6229
5580
5283
3966
6285
5372
5160
5346
5185
6076
5442
5879
5618
5291
2387
5945
5176
4884
5787
4886
5811
5896
5649
5788
6371
5957
5589
4870
5156
5414
5502
4728
4536
5681
5568
5353
4884
5625
5498
5525
3754
5517
6249
5759
5957
4692
5722
5258
6086
5840
6097
5297
5573
5657
5458
5722
5155
5471
4813
5316
5380
5841
5676
5609
5289
4770
5544
5756
5618
5828
5763
5939
4992
5423
5141
5637
5854
5598
5708
5738
5447
5158
5296
5957
5409
6157
6109
6072
4092
5744
4757
5529
5273
5150
5295
5023
4105
5450
4372
5293
5444
5284
5609
5287
5803
5321
5574
5783
5592
5890
5458
4391
4733
6108
5958
5424
5709
5607
5861
5492
5581
4984
5900
5649
4728
5716
4692
5075
5430
6379
5799
5533
5411
5627
5135
4954
5342
5838
5341
5540
5562
6032
5542
4069
5847
5868
5601
6274
5797
5511
6137
5268
5194
6081
5603
4960
5627
6145
4444
5544
5652
5826
6406
6012
4315
6278
4964
4696
5423
5494
6352
5961
5233
3495
5555
5272
6200
5954
5559
5025
5660
5395
5666
5851
5764
4405
5325
6864
5670
5306
3734
5980
5663
4156
5350
6057
6180
4643
6214
4798
5700
5902
5790
3640
6308
5870
5466
4948
4833
5950
5467
5799
4769
5043
4861
5361
4925
5336
5462
4292
5620
5797
5380
5766
5110
4668
6054
5219
5756
4914
5878
5931
5522
5100
5887
5497
5361
5751
4774
6174
5946
5942
5913
5572
5229
5738
5369
5386
5455
5833
5697
5451
5419
5682
5655
5870
5473
5677
5723
5543
5286
5920
5748
5475
5220
6390
5760
5079
5423
5330
5938
6202
5929
6292
5069
5825
5891
5225
5856
6579
6155
4938
5176
5970
5256
5772
5534
5058
5410
5322
4516
5341
4924
5709
6073
6045
5888
5382
5449
5455
5247
5283
5554
5728
4945
5439
4913
4992
5560
5535
4911
5476
4803
4355
5556
4660
5448
6130
5696
5245
6122
5702
5550
5957
5206
4956
5669
5257
5773
5550
4831
5890
5320
4538
4288
5281
6407
6421
4739
5767
5754
5837
6107
5923
5422
5923
4791
6162
5639
5653
5652
5357
4845
5243
5980
5980
6135
5652
4683
5604
6149
5733
5408
5668
4604
5471
4867
5549
5870
5608
5639
5371
5617
5251
5061
6085
5606
5745
5939
5463
5790
5577
5200
5007
6115
4952
6220
5178
5280
5540
5364
5579
5737
5281
5696
5506
5608
5328
5822
5065
4899
5392
4888
5266
5477
6019
4704
4965
4505
5648
5532
5670
4708
5686
6146
4669
5424
4968
6056
5775
5060
5952
5401
4362
5509
5590
5787
5939
5570
5613
6088
6343
4917
5322
5427
5763
5840
6203
6348
5562
5817
5764
5699
5983
5374
6182
5465
6006
5478
6019
5366
5572
4827
5140
5112
5427
5226
6017
5525
5080
5247
4624
5490
4135
5266
5391
4930
5543
5592
5128
5221
5716
5504
5397
4307
4690
5279
4889
5687
5362
5265
4998
5041
5322
5499
5319
5005
5553
5501
5346
4987
5379
5447
5682
5676
5381
5134
4539
5901
5814
5704
5458
5867
5342
6015
5377
4958
5131
5286
5768
5935
5765
4355
3075
5606
5255
5919
5649
5730
5148
6122
6063
4712
4751
4906
5376
5384
4940
4892
4998
6209
4974
5430
6088
5285
4515
5287
5183
4698
4366
5819
5829
5659
4789
5819
5485
5108
4838
5146
5295
5220
5632
5548
5544
5663
5513
5958
5659
4829
6215
5398
5355
6131
5386
4398
5904
5333
5598
5723
5278
6024
5384
4055
5514
4770
4488
5662
5144
4710
5148
5713
5683
4520
5871
5375
5388
4616
5886
5254
5042
4908
5683
5325
4690
5482
5468
5438
5209
5051
5858
6203
5091
5541
4829
4933
5298
5322
5767
4724
5805
4538
5450
4293
5991
5393
5644
3713
5435
5254
5316
4436
5833
5715
5713
5400
6056
4887
5130
5333
5418
4986
5328
5688
4685
4998
4968
5088
5446
4363
5406
5438
5409
5934
5651
5106
5106
6077
6361
5417
5400
4593
4617
5556
5653
5286
5747
4493
5537
6407
3958
5265
5183
5735
5590
5662
5650
5548
5920
5557
4280
5903
5936
5503
5051
6479
5528
4687
5423
5085
4978
5452
6135
5273
5431
5342
5145
4859
4638
4735
5339
4211
4612
5495
3910
5430
5466
5224
4940
5744
5104
5466
6056
4694
5928
5273
5155
5363
5765
5161
5258
5585
5469
4777
4214
5820
5352
5522
5578
5737
5567
4354
5126
6026
5603
4851
6126
5772
5343
4885
5403
4552
5385
4982
5582
5956
5987
5592
5693
5423
5611
5522
5882
5365
5492
5698
5760
5579
5521
4922
5492
5384
5715
5770
6111
5944
5396
5838
4873
5223
4833
5773
5324
5402
5826
4053
4903
4990
5690
5343
5785
5448
5548
4912
5875
5508
4673
5672
4919
5948
5636
5100
4993
4951
5967
6189
5338
4580
5913
4755
5680
5253
5703
5457
5143
5320
5924
6029
5239
5272
4690
5532
5661
5282
5210
5280
6066
5758
4953
5395
5929
4347
5260
5732
5414
5766
5198
5465
5793
5797
5649
4662
3983
5432
5880
5594
5888
5918
5809
5245
5708
5258
4728
4559
5483
6110
5627
5963
5182
5695
4808
5588
5568
5135
6311
3681
5308
5934
5781
5210
4946
5437
5483
5615
5345
5946
5817
5827
5587
5423
5111
5388
3332
4434
5803
5611
5111
5760
5390
4454
4949
5283
5352
5775
5245
6109
5846
5289
5161
5581
5166
5166
5752
5056
5327
5791
5465
5562
5228
2555
6369
4837
6257
4352
5851
5489
6378
5123
5496
4917
5872
6225
5325
6915
4821
5788
5731
5605
5104
5544
4784
5398
5633
5768
5924
5143
4713
4539
5661
5031
5680
5348
5170
5960
5352
5788
5310
5198
4595
5898
5981
5626
5570
5809
4360
4722
4167
5723
6048
5662
5484
5546
5357
5445
4275
6285
5679
5697
5174
5349
6099
4948
5327
5123
4772
5363
5703
4752
5032
5301
3782
4312
5478
4721
5207
4906
5826
5465
5245
6064
5671
5602
5586
5416
5273
5256
5217
5634
4878
5222
5376
4890
5400
5341
5520
5884
5169
4677
4935
6135
5519
5957
6021
5676
5057
5236
5116
5277
5533
6144
5432
5217
5810
5678
5926
5637
6033
5230
4851
5709
5804
5262
5402
5605
5949
5640
5403
5776
5876
5245
5668
5560
5434
5573
5324
4555
5471
5539
5522
5066
4797
5202
4975
5651
5742
5746
5698
4698
5750
5307
4600
5122
5227
6076
5814
6010
5138
5876
5806
5380
4714
5458
5820
5656
5737
5578
5023
5952
5093
5741
5633
5878
5763
5096
5549
5609
4820
6063
5639
6167
5391
5043
5765
4310
4902
5582
5629
5211
5568
5594
5619
5531
4497
3917
5878
5065
3999
4130
4735
5475
5891
5269
5766
5934
5102
5810
4806
5456
5539
5891
4738
5956
4826
5216
5100
4912
4954
5559
5354
6138
5420
5435
5209
5893
5891
5422
6124
5211
5248
5441
5779
5824
5476
6147
6039
4729
4848
6032
5127
5222
5558
5026
5668
4488
5376
5475
5118
5638
4944
5412
5837
4827
5679
5609
5967
5673
5843
5879
5736
5291
5052
5294
4219
5905
5581
4586
5434
5475
5777
5430
5159
3956
6144
5401
4653
5597
6123
5203
5498
5812
4723
5375
5005
5266
5410
5596
5961
4816
3783
4578
5453
4370
5512
6041
4826
5561
5631
4934
5331
4531
6034
5356
5317
5991
5885
5820
5588
5240
5479
4764
4524
5495
5613
6128
5902
5513
5252
5884
5584
5325
5112
5151
4791
5681
5447
5621
4530
4325
5153
5405
5825
5527
3945
6646
5621
6403
5177
5012
5443
5932
5565
5965
6136
5636
5955
5395
5609
5720
5732
6158
5368
5224
5811
4939
4016
5476
5898
4863
6023
5067
4575
4928
5406
4711
6122
6199
6047
4713
5726
5409
5047
5000
5823
5849
5176
4984
5277
5004
6067
4339
4929
5872
5891
5275
4277
6274
5833
6224
5855
5216
4100
4591
5811
5291
5881
5072
4858
5639
5481
5982
5258
5613
5707
5684
5989
5654
5593
4946
5469
5511
5655
5558
4918
5370
5456
5326
5842
5378
5468
5302
5483
5782
5245
6217
5737
5623
5440
5427
5234
5349
5103
5830
5252
5127
6128
5577
5309
5413
5817
6134
5623
5439
5411
5341
4899
2753
5871
4768
5410
5276
5533
5822
5085
5697
5314
5207
5145
5351
5239
4744
5485
5547
4623
4760
5071
5496
5287
6146
5669
5696
5846
5906
6081
5937
5669
5171
5233
5603
5176
5527
5128
5462
4527
6199
5956
4551
5797
5363
5429
4573
6009
5424
5777
6014
5968
5629
5416
5155
5661
5043
5309
4347
4923
5187
5236
5096
5216
5496
5823
5970
5226
5500
5691
5978
5478
5602
5284
5451
4991
5335
5841
5866
5033
5816
5800
5620
5611
5357
5036
4675
5064
6136
5263
6329
6075
4926
5359
5810
6167
5496
5616
5122
5002
5952
5697
5247
6015
5676
5654
4239
5540
5379
5594
5802
5250
6359
5280
6079
5997
5917
5727
5534
5669
6182
5940
6450
5840
5769
5670
5483
5050
4486
5412
5458
5734
5686
5306
4987
5702
6259
5687
5973
6423
5211
4493
6179
5463
5948
5415
5463
5606
5597
5657
5336
5265
5643
5754
4535
5620
5769
4827
5743
5813
4990
5320
5050
5279
4303
5719
5725
6377
5620
6212
4994
4735
4497
4283
5609
5647
4940
5856
5517
5285
3507
6301
6299
5716
5481
5338
5428
5412
5590
6150
5530
5642
5885
5831
5574
4958
4032
5578
5543
5600
5522
5808
5648
4910
5970
5899
5625
4626
5605
4255
5166
5584
5979
5609
4713
4709
4611
5908
5917
5628
4788
4376
5813
6153
5625
4065
5014
5708
5467
5816
6032
5219
5982
5463
5541
5412
5686
4466
5726
5370
4088
4729
5675
5887
6138
6119
5194
4199
5064
5681
5620
5610
5481
5338
4665
5468
5410
6183
5543
5854
5890
5479
5133
5198
5673
6204
5685
5396
5575
4914
6514
5405
4987
5815
5662
5217
5706
5102
5949
4784
5395
4180
4918
5371
4998
5561
4744
5716
5570
5081
5709
6030
4744
5362
5518
4655
5918
5354
4813
5529
5705
5469
4653
5431
5794
5460
5518
5602
5584
5210
5076
5060
4968
6034
5921
5239
4426
5451
5647
4863
5578
4817
5760
6133
4841
5284
4812
5287
5226
5524
5126
5691
5372
5068
5288
5273
5783
5708
5951
4155
5496
5765
5028
6135
4757
4479
5819
5788
4884
5662
5604
5164
6114
4754
5809
5284
5363
5048
5437
5136
5454
5699
4979
5786
5130
5327
5873
5625
5174
5096
4626
5458
5373
5692
5813
5958
5165
5490
5139
6490
5648
6105
5304
5598
5361
4708
5662
5387
5460
5338
4936
5631
5531
5247
5568
4776
4927
5968
5366
5061
4729
4923
5199
5406
4645
6002
4588
5224
4408
5630
5036
5460
4904
5198
6052
5897
5783
5794
5140
5982
5855
6335
6295
6164
6373
5654
5945
6062
6106
4935
5669
5586
5643
2725
5892
5597
5586
5081
4645
5692
5467
5428
5455
5078
4547
140
3850
3563
13810
13658
