12293,10237.11
12885,6266.68
12967,12100.13
10882,4822.48
12091,6971.23
11525,5046.76
12924,8061.19
11031,4825.29
12676,8753.43
10791,4058.12
10895,5951.66
11970,7625.72
11394,7000.31
11140,6917.89
10932,5775.95
12299,7363.08
10757,4235.37
11722,8199.27
11193,6386.38
11851,6494.98
12561,6750.98
10579,6782.69
10241,7214.34
11102,8313.74
11461,11092.54
11013,5804.62
11542,6895.00
12828,17289.49
11261,6426.37
10581,6577.83
10918,5930.64
10521,7143.58
10756,5490.99
11820,5137.69
11903,8091.86
12244,12178.90
13412,10362.82
10616,6440.50
12994,11377.89
11304,5564.06
10611,5795.34
12420,10729.99
10590,6312.63
11684,11700.89
10851,6522.31
12651,12150.80
10918,6780.73
10800,6842.49
11627,8301.11
11323,9756.50
11143,8056.60
13024,10861.43
15759,30918.40
11220,6877.76
13021,14267.36
10702,5341.75
10875,5435.15
10855,4649.23
10715,6596.64
11702,6559.92
10300,7747.52
12526,7743.86
11814,6180.07
11488,6929.25
12292,6913.63
13407,14686.84
13091,10208.15
11311,5713.43
11163,8003.13
10800,5342.81
13830,12097.25
11544,7515.58
12715,10588.75
11218,5811.06
10819,5488.25
13550,15494.92
11521,6394.90
11362,8446.83
11490,7220.97
10959,6906.85
11299,7133.72
10856,5782.59
9897,7852.56
10662,6597.26
12717,12609.65
10730,5757.74
11821,9239.14
10800,6179.39
11561,6382.70
13012,14538.61
10859,6322.94
11343,8955.56
10631,6414.53
10637,4515.09
11633,6924.68
11569,6163.58
11373,5630.41
10303,4207.83
11185,4808.87
11297,5548.24
13415,15422.71
11385,6649.73
11285,5858.29
10945,5356.37
11193,5501.17
12599,8483.27
11431,10134.23
9338,4859.65
10252,6456.96
12091,7120.88
10916,6219.92
11117,5540.62
11004,5493.50
11017,6468.65
11174,5648.19
12263,9363.36
11344,6522.99
10602,5769.60
12792,6601.26
11487,6643.24
10814,6749.10
12041,8962.26
12168,9525.14
11763,7417.91
10986,5265.24
13149,10801.97
12815,10069.07
11736,6431.77
11531,5289.31
12503,12715.35
10671,7482.95
11869,12767.58
11535,5425.74
12424,10336.86
11191,5229.28
11756,7921.01
11276,5748.98
11164,7239.47
14554,21223.03
10339,4065.05
11294,5997.35
10896,5293.64
10941,5037.96
11360,6912.43
11578,8236.47
11401,6761.59
14015,22377.41
12044,9368.76
14495,34402.30
11841,19527.94
11475,11344.48
13596,15844.28
12142,11593.41
11917,7546.99
11384,5823.46
11116,6076.29
13427,19043.17
11040,6349.54
11716,5701.60
10482,6060.55
13976,17848.76
11121,6240.02
11760,11225.60
11523,7449.62
10821,7614.84
12174,12691.60
11098,6565.43
10943,6657.02
13059,12316.06
12969,7707.41
13234,11403.71
11333,5640.51
11444,5554.88
11209,5980.30
12290,10778.11
11208,6041.63
11267,6415.40
11406,6506.25
13054,7662.18
16419,36293.61
12480,7543.88
12877,9203.10
13851,17102.86
11647,7938.12
11287,6676.21
12113,7280.99
12002,9046.39
12001,6669.27
11287,5780.81
12213,9289.22
15453,17102.33
11474,6380.34
12059,7530.93
10730,5308.85
12151,12536.08
12176,12231.71
11096,5323.03
13729,14741.47
11294,6579.78
11259,6594.67
13891,22730.55
11123,5154.92
11107,6467.32
11381,6807.17
11622,8106.10
11011,6223.90
12634,9282.93
11663,6923.20
13091,10538.10
11558,7662.46
17256,37144.82
11728,6589.75
11973,7259.08
12174,9263.75
11340,6195.65
13060,12300.18
10897,5718.10
11094,6308.46
14259,16045.13
11771,8556.33
13096,8071.24
12559,5801.53
11059,5456.36
14830,19201.68
11946,10201.28
11505,7418.07
11543,6955.04
13189,12090.64
11760,6817.02
11391,6055.71
14836,20614.30
14616,14362.37
13318,21470.18
13901,11648.06
12215,7353.89
12308,10057.90
14136,17793.57
10958,6140.06
11212,6267.79
14185,22253.55
13032,17453.80
11764,7249.46
11189,6845.72
10783,6657.51
11928,6628.80
12658,9867.73
11385,7299.71
12435,10409.06
11056,7657.13
10973,8322.12
12876,12078.95
13452,18514.46
13355,18649.62
13823,15414.86
12563,9210.52
11187,7602.24
13400,13694.12
11889,7094.30
11135,5536.71
11112,6303.53
11123,7496.22
11928,8642.19
11598,6700.63
12156,9121.97
10772,4720.68
11491,8040.12
12098,7698.19
11667,8884.27
11274,7499.23
14567,15507.28
12066,6656.94
11949,7558.73
11453,5845.46
11533,9129.53
11566,7211.54
13049,9307.42
12466,14441.02
10872,4620.27
11018,5077.61
12593,9267.36
12623,9514.89
12066,6965.14
11285,6495.70
11659,7987.27
12273,7980.22
12399,10136.34
14608,20238.39
12160,7818.69
11106,5244.92
10955,6710.06
15650,15561.43
11273,7019.82
12192,9269.23
15164,32858.32
10807,4897.90
11540,7419.65
12068,10584.89
12083,7682.17
11042,5959.86
13011,10250.35
11979,9785.87
12926,12411.18
12313,12759.28
12434,8072.04
12043,7403.91
12274,7986.45
12955,14011.31
11271,6398.83
10834,5798.14
10878,8307.73
10559,8341.55
11767,9143.98
11198,8136.51
13292,16429.15
15071,23956.69
13032,9547.75
10739,6444.54
11258,7317.60
12064,6722.54
11856,7884.34
12069,8687.38
11590,7998.40
11838,8243.64
11063,7329.50
11482,5222.51
10718,5817.70
11717,6925.26
11439,8097.59
12442,10803.70
11155,5847.39
12237,11203.36
12781,11107.97
11028,7392.93
11995,9094.90
13335,14533.34
10685,6906.31
13134,15936.54
10564,7046.90
11040,7122.24
12452,12220.88
12098,10770.72
11324,9164.02
12564,9484.82
11069,8303.41
11456,6899.07
11089,6809.32
11132,7685.52
11322,8628.92
11340,6000.83
12035,9627.31
14243,13568.05
11934,9016.07
15752,22360.27
12059,10557.41
11749,7534.92
13211,15125.88
11076,8643.11
11694,7585.89
14074,10776.35
12102,8669.77
12726,10418.87
11945,7909.07
10923,6544.85
15428,37207.23
11632,9081.97
21772,70206.54
11419,6001.17
10898,6144.52
11957,7294.17
10869,5883.95
11623,7897.10
11186,9658.39
11377,8247.81
10820,6553.22
11755,7682.11
12555,13342.70
11806,7856.63
10070,5716.65
11234,6546.36
12512,11614.57
11596,5765.68
12265,14837.79
11426,5797.99
12358,9856.41
12774,8304.47
15379,23216.85
10416,7068.49
13254,15329.03
11742,7437.68
13983,14357.74
11603,7379.61
11668,8523.68
11345,8228.82
11894,6405.16
12085,7543.51
11523,9370.59
13028,21970.01
13393,13402.84
12168,8212.87
11908,8327.96
11646,8841.93
11545,6286.32
12339,8970.77
12138,8558.09
12906,8357.45
11889,9133.26
11019,6194.05
12023,13429.09
11574,7615.01
11094,8510.51
11972,10935.92
11436,7826.90
11191,6163.14
10436,4875.84
11403,6906.96
13265,13916.87
10911,5390.53
13767,9662.18
12691,9874.07
11348,8118.22
15098,22611.32
11704,7892.65
11628,7420.94
13279,8362.86
12042,8614.72
11386,7276.91
10856,6641.29
11373,5591.21
15802,24969.03
11040,5881.91
12146,8951.45
12496,9318.70
13354,13699.73
12865,9755.57
15888,17841.29
11676,8340.06
12403,8660.48
11467,6192.90
11080,5616.23
12584,9996.29
13005,6738.24
13087,10058.29
13934,17392.64
13373,13073.36
11881,7329.30
13671,13202.91
12363,9988.93
12104,8275.77
12346,10536.79
11375,8651.13
11794,8448.61
12181,10863.12
11273,8253.11
12269,11848.80
11358,5451.12
12532,10733.86
11644,8219.43
11964,8065.65
12701,11034.66
11621,6017.45
13351,13353.97
11408,6893.81
12597,13196.30
11771,6197.72
11276,8151.54
10952,7341.50
10691,5974.33
12480,8258.03
12334,7747.33
12305,8586.01
12877,10414.04
14141,14126.15
11303,7470.09
11714,8475.26
12482,10034.08
11661,8117.29
11779,11088.29
12210,7556.93
12464,7095.89
13471,14198.73
11922,6910.15
12337,7870.94
13203,17295.29
12987,7835.12
12611,6204.63
12162,10161.68
12190,10999.71
11551,6705.79
13908,12748.06
11503,6669.93
10859,6217.15
10549,5187.39
11242,7275.96
11443,6230.81
12092,12586.05
11807,7086.91
13217,10460.03
15722,25171.17
14465,25892.67
11304,7050.31
11570,6507.00
11164,7869.09
11539,10209.21
12684,14250.16
13933,16468.40
11867,7808.01
11179,7879.30
10844,6323.07
11394,6425.45
11256,6852.42
10941,6106.01
11132,6615.78
12169,6911.81
11963,7249.53
13381,12891.01
10841,7078.60
11423,6287.90
11716,8775.64
11637,6000.56
10830,6848.68
11610,9567.72
11303,5821.23
11475,5844.90
11764,7323.24
11368,6113.61
12831,9800.19
12107,8453.58
11446,8045.44
11003,6576.95
14078,13181.19
12980,9470.95
11708,6262.89
10878,6212.05
12231,10362.16
12976,9777.96
12711,15621.90
11156,6705.37
11302,7668.60
10400,5695.49
11073,7168.28
10494,6457.79
11062,8387.03
11818,7577.70
11896,7818.96
14422,19974.81
12637,12246.53
11604,7437.60
13141,18394.10
10889,6375.94
11868,9775.53
11620,9547.52
11549,6672.81
12618,15937.26
12994,16523.72
11568,8971.33
11850,9275.92
14548,24140.50
11609,7503.20
11838,7933.88
12314,9356.19
12900,11837.37
11978,9710.07
12428,11613.98
11571,7855.02
11112,7624.95
12026,9606.19
11910,8975.73
12143,8220.50
11633,6664.57
13907,11740.59
11554,9023.12
13132,12176.35
12784,8328.25
11656,7196.25
12127,6595.79
11104,6722.13
12335,11241.03
13337,18708.27
13054,9573.76
11789,9325.60
14523,18914.53
11298,7987.36
15907,36203.35
12098,9079.43
11539,7001.28
11256,6124.15
12988,12797.69
11191,5807.52
12908,9956.92
12012,8992.40
11556,6303.95
16286,27032.61
10604,6034.04
14302,14776.27
11832,6559.69
12847,8974.00
13201,18456.30
12069,12083.56
13992,11184.33
11847,6424.97
16793,22874.94
11879,6582.23
11697,6698.66
11294,5834.88
11399,9329.73
11765,8014.97
12195,7382.84
11277,6637.43
12967,17546.49
12962,8060.42
12620,12321.74
13091,7990.12
11420,5690.56
14283,15510.33
11825,7124.49
12189,8670.47
11391,6967.58
13328,16628.67
11767,6743.44
11076,6039.09
12935,13268.06
12915,11400.29
11407,7797.91
12432,10946.13
12019,8998.25
13817,19178.10
11783,6970.59
12638,15376.08
13106,10570.18
11948,7551.00
14472,22984.52
12295,9203.27
11347,6996.42
11764,6830.05
11906,8702.93
13217,15520.86
16224,24803.45
13819,28450.37
10678,6290.38
11242,6071.96
10913,5740.84
11195,5820.36
11027,6361.25
11296,7446.99
13013,15226.11
11197,7454.05
12404,8096.84
11713,7579.93
13218,11813.28
12733,12792.74
12928,12079.59
12276,7838.61
14965,25342.73
11539,11366.16
11792,8320.62
11385,6335.02
11594,7686.62
10900,6838.75
13964,16741.58
12080,8102.96
12616,10426.02
11531,6770.34
12287,8044.08
12010,7104.98
11088,6066.21
11870,11060.46
10671,5666.50
11237,6396.06
10889,6137.53
11915,7976.62
11326,5641.73
12850,14148.97
11693,7537.62
12373,8338.17
17017,20199.25
11344,5177.67
12407,8955.44
14553,21962.57
15052,16970.79
11830,6969.25
13801,19982.84
10941,6631.92
11634,8368.01
10826,7464.75
14928,22459.74
13307,14090.56
13663,10449.31
11077,6538.01
12098,11566.62
11769,8494.88
13571,20035.59
14119,23567.90
10477,6896.57
11450,9051.69
10417,6271.96
11202,8055.73
11484,9765.67
11180,6428.25
11110,8843.84
11038,7691.65
11965,6137.49
11833,8348.04
11798,9358.16
12483,10717.09
13647,14888.48
12167,8505.42
10589,7255.13
10928,6890.35
12321,8221.40
10245,5836.90
11844,10146.35
11974,12411.06
15671,11528.09
13494,20969.43
12540,11596.39
12493,9459.83
12597,9251.65
11699,7136.60
12584,9551.22
12346,5940.66
12850,6281.22
15011,23666.00
11872,6930.10
13481,12876.28
11752,9511.46
11723,13657.21
12240,11337.98
12219,13504.21
11778,9433.49
11442,5479.79
11683,6569.92
13106,12074.96
10628,6343.42
15755,38971.62
14030,13073.35
14002,22674.81
11682,7847.24
10704,6372.71
11962,8459.85
11844,12956.04
12609,14569.83
13078,8056.41
13002,11030.72
14730,15243.77
11511,5886.08
13008,11290.98
11674,7275.22
11178,6319.00
11499,7407.21
11379,5875.51
12790,8547.71
12215,6819.27
13017,8794.64
11818,6353.29
11339,7029.01
11850,8007.71
12769,12286.13
13695,10888.80
12554,8792.88
11581,5839.94
11509,6676.90
11658,6825.23
11556,6150.39
11978,7326.17
12169,6365.13
11770,6290.01
12350,7729.84
11247,7062.07
12221,8386.78
12005,8532.59
10771,4783.93
12251,8015.76
11289,5369.64
11287,6471.68
12506,8800.12
11501,6580.08
11766,6726.93
13031,11713.86
11027,5734.16
12400,9062.16
12500,14348.26
12863,11242.59
11742,6988.08
12463,8483.33
11705,8070.79
14424,18559.41
13401,13993.42
11765,7330.75
11983,11319.95
12763,10705.44
13303,12607.00
12216,9301.42
12249,6768.84
13657,15994.38
11723,7502.40
11930,8100.96
12086,8335.22
12382,9517.86
13171,14418.57
11316,5557.05
15048,19361.15
11685,9074.09
13122,9733.82
11217,5632.77
13790,11054.26
11202,6401.54
12166,5464.38
12057,6582.98
17371,33916.09
13988,12834.83
12008,6984.76
11354,6440.79
12171,7496.86
13773,13654.28
12239,8459.08
11150,7236.78
11865,7851.46
11907,7132.42
12882,11560.34
14736,19989.76
11538,7962.44
13632,14568.51
12561,9702.16
12827,8658.53
11798,8943.07
13465,17222.85
12586,9024.02
12063,10387.01
11560,5814.78
14937,17541.60
11939,7281.03
11667,7389.01
11964,7140.73
12251,7666.81
12501,7326.76
13826,15141.24
14787,14224.42
12023,7219.01
12496,6429.62
11473,5508.30
12325,10425.32
12081,8160.09
12573,11559.50
10995,7114.51
12664,8903.43
11695,8017.95
12935,10792.87
11064,6381.24
12510,8033.57
12180,6899.75
12149,6926.32
11156,6176.57
12372,7971.81
14842,24483.24
16004,18390.25
12678,8511.64
11667,7812.92
11666,8610.16
11401,6325.00
12454,6703.18
11216,5704.03
12225,7966.05
12167,6904.76
13907,11567.63
12810,8442.51
11305,5686.87
11617,7600.87
12575,8841.03
11228,5708.57
11775,8284.37
15012,22373.89
12190,10614.26
13526,10844.84
11336,7163.89
11807,6660.61
11341,5592.26
11549,7596.72
12168,12981.87
12856,9053.12
11380,6126.07
11090,5601.01
12961,9785.94
11731,5805.00
11331,8029.26
11461,6866.15
11927,7303.81
13871,23387.86
13279,11748.74
10679,5219.12
12122,10556.73
11777,9012.05
12975,16015.88
11646,6809.61
11324,7288.06
12730,10416.25
13119,12440.27
14196,12741.92
13129,11144.44
11662,6117.29
12049,7833.56
12297,9958.00
14408,14654.85
15203,18897.49
11402,8294.40
12009,7020.08
11347,6540.98
13504,16341.52
11365,5437.15
12519,9791.55
12552,15885.58
15902,31958.24
12905,20383.24
13715,15226.41
11366,7379.49
11979,8650.72
11900,7826.77
11482,6940.07
10844,5821.62
11907,8199.53
12568,16947.94
12167,8483.74
12782,9869.34
12873,14602.23
11180,5490.84
12493,10637.83
13592,11035.60
11046,6058.56
11689,7307.70
11578,5823.54
12642,9314.35
13250,12513.88
11547,6883.16
11880,11133.44
12498,10772.73
11482,8701.86
12034,10284.53
10919,7334.45
12204,8532.53
11612,7203.61
11053,5750.65
12288,7125.55
11676,8286.39
12212,13520.78
12323,6895.83
14273,19767.52
10495,6999.53
11938,6867.42
12294,9831.00
12503,15149.02
14903,23263.09
12661,9327.07
11732,11454.52
10807,6028.37
12548,8390.01
12046,6388.52
12472,8936.01
11755,9302.32
12879,6315.73
12886,8455.79
11569,6031.99
11644,6918.65
11655,9086.96
11119,9389.97
12033,9729.80
13781,10695.68
11477,7077.15
12219,10020.85
13939,18173.95
11516,11128.83
11397,7271.44
11254,5385.12
11139,5669.96
11240,8560.47
11415,6690.01
13095,8318.46
10671,6650.73
10162,5961.36
11151,8386.07
11367,7699.92
11005,6987.21
11493,10660.09
10536,5437.24
11041,6431.53
11654,10883.00
12306,8657.76
12197,8055.05
10426,6304.35
10947,6407.44
11761,7397.37
11250,6142.80
11452,8520.42
12362,11103.02
12442,12123.73
12150,6218.63
16014,24461.88
10897,5845.38
12133,8095.06
13436,10757.81
12333,8695.33
10589,5467.86
12432,10921.72
12982,13318.61
12968,10500.96
10806,8418.02
11375,7427.51
12095,8173.70
11690,6632.01
17581,37317.33
12541,12390.36
16632,27332.95
10747,6754.24
10849,8244.28
12788,5839.83
12981,13976.65
10612,9304.98
10978,5349.31
12567,9339.09
12121,7900.25
10280,6557.74
10402,6420.80
11885,7056.98
11786,8896.72
12214,8723.29
11510,7344.14
10905,6036.96
12896,16240.39
12446,11367.69
11727,8095.12
12390,8698.95
12699,11369.18
10733,6271.10
12679,6487.41
11852,8741.17
11403,7790.54
10938,6767.90
11989,6642.34
11489,7225.18
12556,9687.37
13025,10329.58
13422,12239.44
14608,18629.29
11563,5985.16
11061,6351.80
12586,10411.05
12839,10191.12
15200,35228.29
15571,37491.09
10757,6454.96
10984,7543.67
10857,6501.26
12554,13825.81
11322,7346.46
10446,6932.22
11510,8469.78
11578,6975.31
11590,8290.98
11249,9899.27
11366,6841.04
14298,9643.99
12568,8505.29
12651,8186.57
11611,7390.47
13307,10144.94
13142,10868.13
13357,16361.55
11652,8083.27
11556,8375.26
13151,11858.70
11447,6498.29
12124,8227.40
11948,7945.58
12079,6518.39
12565,9779.68
13898,10364.09
12052,7906.76
11912,8785.84
11610,6648.99
11732,6953.41
11440,6378.82
11670,7849.54
13521,21324.02
11197,7833.62
12047,6614.73
12672,8196.57
12714,12192.57
11726,6293.99
12076,6648.36
10990,7142.32
11893,6635.04
12210,9579.94
11433,7379.61
12594,8327.86
11987,7700.44
10821,7035.97
11832,11775.97
10710,6759.58
11745,8483.23
11344,7184.69
11763,6816.00
12721,13700.77
11992,14383.11
11074,6363.63
11492,6724.02
11186,6401.42
11417,7623.96
10738,7768.85
11944,8878.91
11402,6700.96
13005,14129.28
10911,9302.98
14112,15629.71
14599,15671.19
11363,6245.32
11925,7206.35
11950,6743.05
11775,9380.81
14247,18572.20
11459,6597.46
12740,9402.86
11200,8404.71
11254,6534.87
11282,8335.14
13457,13430.35
12013,12144.45
13647,11661.45
11646,8638.56
11889,5646.08
12273,6720.19
12156,6531.71
14566,23439.77
12222,8119.69
10951,6573.29
11753,11018.19
10867,5187.78
11203,7683.22
11178,7963.17
10875,9866.32
14129,13570.06
13626,12266.00
11851,8953.48
12384,6657.55
12400,6755.01
13548,15638.91
11108,6845.99
11614,8447.51
11940,8880.97
11772,5993.04
10641,6451.94
13233,12130.94
13134,11718.68
11180,7300.26
13208,13239.32
11993,8385.27
12360,7272.40
12273,12191.80
14807,17605.93
10892,7336.61
10692,8278.95
11832,8108.30
11881,9145.06
11273,9442.62
14301,18380.13
12354,9335.90
11756,12349.04
13993,19272.00
11423,5794.32
11377,5861.89
12687,13180.98
11087,7547.52
12334,10510.09
12183,9834.76
11225,6324.70
11594,9159.22
11453,6680.58
12027,13791.60
11482,6251.49
11934,9184.93
13337,11768.08
11481,6105.53
12653,12894.91
11932,9605.70
13365,12217.92
13467,12494.55
11788,5484.99
12530,10372.00
12918,10430.30
15150,16530.28
13800,17645.52
12475,9768.81
10762,7459.91
12640,11319.68
11734,8059.43
12571,10853.86
12060,12212.97
11037,6287.04
12181,9470.94
12622,13084.45
11585,9521.61
10633,6247.40
11917,7367.10
14396,13612.98
12437,12643.06
11222,6312.15
11918,10582.47
13904,19731.60
11766,7693.83
11269,8017.09
12300,10766.99
10843,6358.70
13797,14154.42
12148,10134.50
14782,18305.57
12601,17309.41
10536,5831.53
15287,16506.50
11340,6662.91
12854,9154.14
13624,13086.81
12178,8224.29
11127,7300.67
11317,8504.56
13452,11052.62
12070,7731.18
12511,12495.51
12775,13385.57
10796,5210.75
12978,11228.08
16167,22275.31
12791,13280.13
12708,8450.55
13607,18021.16
12272,11387.92
11845,11409.00
12249,6758.40
12977,12156.34
12421,10011.16
12450,7292.25
12210,10258.79
12488,10288.50
13103,7615.22
13221,11024.39
11535,6928.78
12887,8624.76
11532,5560.02
10889,6612.25
12513,9035.43
10394,6794.02
11579,6043.75
12778,15820.29
11753,9087.60
11289,6701.62
11216,6938.64
12015,9316.12
11955,6859.56
13104,11114.49
10995,8672.64
11524,6978.01
11047,7073.29
11797,11696.74
11205,6734.25
14164,21725.31
11007,7670.02
11093,8206.05
30477,73797.86
11071,7776.95
11737,9646.93
11205,7550.40
11441,6459.79
14020,17930.46
13108,12574.03
13193,12813.78
11427,7556.70
12189,7899.02
12593,10323.80
11867,10445.59
16783,27159.87
10679,5952.07
12615,15155.55
13388,16153.42
13542,10575.62
13695,17626.42
11865,6881.61
13160,15921.85
12403,9590.03
11702,9703.04
10454,6857.21
12949,13369.44
11005,7123.71
12418,8466.29
12692,12775.75
11643,6346.67
11535,6385.36
11437,6681.50
12964,16393.86
11475,9510.58
12761,12632.84
11964,9265.96
15252,27591.49
12371,7823.27
11590,8820.32
11933,6491.44
10914,7186.72
11719,6786.73
11448,6120.24
12097,6735.30
11571,8482.44
11855,9952.99
16857,37738.36
13750,12447.93
12154,8867.17
10933,8804.23
12414,13958.16
13634,14229.99
12536,10574.08
11496,8048.61
12919,12489.35
12256,9660.04
11610,6556.90
13368,13545.72
12847,10648.58
12205,12811.02
12418,9858.06
11368,6385.76
12689,19249.81
12999,12084.65
11707,7371.87
10565,6442.29
12860,8615.65
12290,8452.99
12470,10668.41
12267,6045.74
11991,7464.21
12176,6365.53
11062,4976.81
12465,8504.63
13083,12465.80
13826,15475.90
12262,7735.04
14512,17948.02
14049,17077.53
11306,6005.38
11419,4837.96
12007,7356.14
12241,11346.44
12741,9518.23
13301,10244.94
11924,7833.12
11643,9002.57
13550,18047.13
11479,7889.52
12294,10674.60
10994,6309.91
14200,17366.14
10325,7316.66
10327,7966.65
12200,11387.30
10993,7392.06
11268,5888.16
11579,7102.47
13264,9926.29
11675,8519.31
11912,10137.60
11839,9656.23
11901,6391.15
11815,8213.67
13654,12021.48
12493,9220.37
10927,5407.94
11097,6516.58
11862,7433.61
12365,11352.08
13539,10032.79
10897,6372.87
11250,7023.99
13139,21244.79
11775,9754.18
15242,18080.11
11015,8825.87
13402,13548.19
10854,7557.04
11418,9260.41
11877,9666.03
11304,6960.37
14028,16753.44
12468,7560.76
13563,11521.87
13560,15281.96
12438,7883.48
13274,15817.38
12004,10973.37
11676,7285.50
15749,34484.14
11105,8986.96
11332,7063.80
19481,40947.60
12079,7180.41
12060,6710.12
12789,10253.53
12284,9142.30
11420,6965.12
13110,11412.34
12953,9874.19
12356,8338.25
11502,5735.80
13468,10700.72
12361,6604.60
12904,8140.28
12320,7179.05
12548,8115.16
12973,12994.61
11655,10414.09
13330,13005.02
12531,9887.36
12081,8563.75
12574,10828.47
11269,7489.33
15693,21031.89
11844,8858.14
12356,8719.28
10736,6682.14
14493,22699.92
15043,20631.09
12160,9198.63
11843,7387.31
16660,27256.71
11392,7429.99
11382,7463.83
11610,12106.15
12134,8420.61
11302,6332.69
11604,8287.50
11756,10434.59
14733,12928.21
12789,10846.46
12554,10151.92
12289,10597.24
12438,10195.53
12752,10793.65
11343,9384.82
12464,14846.12
13226,9486.08
12272,7356.71
12456,8890.16
11762,9159.55
12170,7992.91
15349,23812.95
11048,7360.96
11575,8009.01
11820,7714.58
13756,11818.01
12681,8459.74
12308,8880.83
10761,7973.33
13138,11757.23
12671,18799.65
11820,7551.04
10855,7287.30
12053,10171.24
12466,8141.29
13053,13789.14
12595,9872.93
12182,7213.58
12499,8885.23
11850,9876.38
11563,7528.56
12020,12693.23
11677,6571.96
12255,19089.03
11753,7777.08
13026,15227.96
11508,6376.79
10584,5051.45
13144,13209.33
10659,5994.22
11761,6586.68
10817,7332.84
13219,11849.08
13184,13333.85
11263,9935.63
12951,14695.16
11254,8245.00
11977,9274.03
11793,8664.05
11966,8678.21
16127,23714.19
13146,12132.05
11972,14022.04
11532,7052.78
12299,11122.09
10655,5527.99
13295,15813.12
13114,11985.55
12008,9193.90
14349,17201.29
11720,8758.85
12854,11804.54
13887,15709.16
11937,7508.96
12408,7705.32
12701,14294.73
13374,15686.33
12381,10620.07
12244,11871.25
12573,10199.62
11660,7093.77
13611,11643.89
11118,5206.96
16005,26993.80
10559,5903.07
11945,7550.57
16198,33389.24
11712,8138.13
11653,10108.83
11750,7738.95
11602,9027.95
11327,5876.49
10595,5768.82
13075,15474.22
11407,7983.60
12518,14526.27
12429,9963.91
12804,13797.32
12853,14048.47
12682,13079.90
12148,8065.60
13160,11292.60
11543,7606.89
11404,5532.58
11695,6121.54
12779,10426.92
13203,14612.23
14831,17912.53
12614,8997.93
16629,37464.33
12870,13721.69
12546,10337.27
11365,7919.92
11117,8461.56
12379,7841.24
13719,14600.37
12349,10201.88
11693,7418.99
12019,9786.00
13375,21692.60
11420,8751.36
11391,7508.53
12611,12791.89
11328,7741.46
12248,7943.00
11880,10066.28
11088,6107.09
12823,11469.27
10832,6857.56
12645,11247.56
12262,8929.66
12178,9552.42
11677,6953.76
12015,8322.00
11536,10120.68
12652,7634.41
11351,7679.32
11515,7551.47
12340,14838.68
11254,7633.50
10999,7872.37
12837,13702.76
13363,10480.67
12313,10301.80
11874,9046.73
11706,11801.52
15671,23707.09
11912,6567.39
12570,7984.20
12003,9706.75
11520,8891.76
11413,6857.98
11163,7397.51
11085,8552.09
12803,10181.88
13228,10346.92
12626,16007.42
11988,10414.31
11823,8375.56
12097,6468.51
11044,4992.76
13610,17726.40
11395,11916.42
11963,9973.20
11240,6883.13
12078,9352.76
13608,13598.92
11642,5632.01
15771,32720.38
11566,7129.71
11501,10924.95
12280,8982.59
11641,10322.11
11009,7478.63
12941,22961.23
11942,10484.10
11531,5524.77
11768,8789.27
11494,6754.14
10979,6797.17
10586,6657.31
11819,7156.46
11982,8567.96
11646,6874.79
11277,11760.97
11546,6774.30
15301,23450.08
11193,6336.77
12540,13442.72
11271,7352.82
11408,7412.64
11440,7567.64
12469,11836.56
18860,34536.21
11198,6993.58
11233,7517.90
13737,20555.39
11830,6928.22
12835,8473.22
12014,7742.99
11455,7252.57
11585,6622.37
11212,5920.00
14242,18899.86
11103,10578.81
11944,10500.70
13072,11171.88
12581,12756.45
11933,8967.06
14889,17838.98
11862,7792.61
12817,15418.05
12082,6845.08
12190,6817.42
12782,11565.60
14249,20397.42
10860,6080.06
11639,8155.22
11314,5990.67
10927,6484.78
12467,7652.20
14060,16986.77
12505,12350.81
12718,10978.67
11979,12548.07
11628,7741.69
11026,6418.80
11681,7445.98
12283,7966.21
18535,34836.82
12800,8969.50
12077,9313.84
10867,7942.03
13710,10035.59
11511,7221.27
12591,12841.55
14799,24605.06
11832,8701.85
11814,8681.38
10869,7097.23
12670,8890.21
12243,10120.63
13384,14989.96
12068,8757.88
11845,6636.54
10669,6778.26
11688,7017.52
13042,12233.33
14218,12685.18
10460,7202.60
15383,34872.87
11309,6075.32
12320,11078.79
13176,9806.15
12419,12435.54
11864,7892.20
11517,9792.18
12373,13209.49
14516,15215.80
12947,17932.41
12454,11860.40
11447,9272.81
11675,6916.45
11055,10783.25
11504,6838.34
12007,10517.76
13400,15546.71
14197,13987.27
12211,8555.57
12870,12967.75
11733,8611.10
12832,13143.82
11936,10665.44
13207,12817.52
13064,9988.14
12326,10012.65
12660,9950.31
13160,6979.45
13390,11531.25
12776,13201.66
14245,14640.19
13020,11620.01
11310,10500.50
10804,8516.07
11967,9874.48
12155,7170.08
11819,7436.45
11537,9516.21
11706,7126.07
11792,11259.88
11336,5901.30
11979,6439.08
13040,10038.99
12645,12651.11
11753,7160.47
11145,7892.07
12113,8874.68
10654,7668.54
11814,7119.88
12923,7264.68
12780,15174.55
12217,11339.21
13535,11899.01
14210,13231.80
13315,11496.21
13097,8094.91
12740,9521.96
15971,27174.33
13466,10464.85
12439,7719.39
12039,7797.35
13616,13498.46
11448,7141.23
12078,8305.89
14240,7884.03
12076,10168.52
11889,8467.77
12368,7709.33
11102,7523.43
11011,6192.07
15297,16995.15
11161,6155.78
13043,12100.84
11295,6314.15
11607,7961.26
10756,6536.55
12720,9787.46
12983,12027.15
12102,10677.02
12810,10513.50
12542,8797.74
11876,7251.45
12098,7602.28
11458,7932.08
14114,16913.64
11962,7135.53
13960,12577.17
14374,17277.92
14012,13678.05
12155,8524.70
12772,9888.50
12084,11869.96
12662,11713.86
14393,15954.41
12032,9551.38
12127,9502.58
11500,6802.53
12278,7524.73
11883,6404.05
13636,14155.65
11641,7456.06
11923,11289.28
11174,9256.13
17827,37188.76
12696,9541.93
12441,9019.70
12881,11371.08
11904,7497.17
12588,8531.99
11754,6478.97
12036,11770.37
13396,16587.51
14171,15294.27
11891,7622.94
15862,25152.61
11249,7820.12
14591,16455.43
12931,9246.74
13404,15397.80
13116,11250.33
14962,22522.93
13110,13615.89
12158,7629.86
11697,6911.43
12035,8885.60
12529,13442.71
13225,14266.70
13137,7680.04
12663,7251.01
13569,12887.70
11297,6491.05
11317,7380.41
12739,8464.13
10874,5190.21
11936,7422.48
11874,12865.47
11327,7887.89
12064,8785.48
10709,5852.26
11276,8308.86
11543,8568.25
12333,7025.68
12054,11180.75
12034,9090.18
14097,18760.27
12570,8499.16
11391,6499.90
10579,7538.70
11754,7185.85
12195,7773.27
11381,7941.09
14554,26388.25
11019,6866.79
10767,6028.55
15259,26514.47
12563,10196.50
17070,22007.39
14261,16178.95
11666,8180.64
12435,7537.62
12564,8244.10
11145,5663.31
11308,7354.63
12462,8020.63
11520,6143.03
16684,25451.47
13027,16778.21
12803,8817.09
10884,6215.65
11678,6542.23
11732,9375.06
11446,9833.98
12555,11530.67
11513,6913.85
12274,9003.37
11711,8178.39
12144,8271.49
11821,8992.81
11636,6438.27
12892,9878.12
13728,13226.26
11569,8440.20
12014,8589.70
10611,5561.19
12349,9028.19
12583,10357.87
11419,6273.24
13058,19160.67
12288,8954.07
11517,8437.13
11222,7140.06
11516,6707.37
13027,15711.42
14725,20341.23
11935,8218.34
12511,10413.34
13511,14014.34
12908,18189.91
11095,7997.07
10513,5452.78
11941,7182.12
11096,5644.26
14783,20025.63
12307,10473.91
10841,6442.93
11322,8636.30
12795,12682.58
11271,7125.16
11107,7884.53
13716,13675.05
12063,7875.74
12484,9685.08
11497,7648.76
12073,6466.22
12007,8312.52
12407,10995.20
12869,14774.10
11375,9395.24
12746,10708.34
11311,5439.05
12310,6382.87
11572,7344.62
11411,5896.11
14134,19374.94
11004,8395.31
10923,7690.96
12243,7641.72
12266,10414.98
12069,11121.53
11974,9455.50
10836,6295.00
15683,21876.87
13681,11313.09
13841,14477.95
12309,9382.68
13498,11425.61
11607,6826.46
11062,6305.54
12475,8781.12
11849,6159.27
11823,9939.90
12781,12225.01
11638,7738.47
13104,10621.07
14872,22677.49
12168,8570.38
11536,8070.69
14109,15366.74
11811,9669.73
13456,17783.77
12237,9741.77
11531,7346.57
13341,6258.44
11522,5805.74
11252,6860.85
12063,9043.19
11873,10338.06
12827,15086.93
11147,6874.86
16394,41520.99
13249,12727.60
14254,16140.62
11166,9051.60
11087,7025.30
13233,18307.04
15328,20615.55
10360,5900.99
14527,22673.01
11312,8099.60
12208,10470.82
13560,22068.31
13000,10817.40
11779,11512.91
12524,9252.15
12397,14397.04
10816,7045.56
13164,12853.85
12284,8488.35
10991,6543.50
11841,7508.56
11085,9271.94
11741,6416.21
11973,8517.28
11364,7512.56
14045,18147.71
12547,8136.71
11588,8350.50
11897,9490.11
11366,8349.85
14972,15314.64
14901,17807.15
13049,12163.23
12329,7150.76
13360,9078.02
13196,9176.07
11818,10594.69
11397,6214.37
12394,8116.48
12112,9522.79
19122,38812.92
11714,6923.03
16514,30748.29
11988,8664.78
14626,27301.39
12350,13304.74
10392,6327.70
17430,30601.35
13570,8270.19
12384,8724.07
15558,21850.03
15336,24532.33
12253,5399.49
11705,5454.90
11393,9273.89
12848,11318.93
13068,8978.24
14224,16493.45
10092,6567.21
14975,15235.74
14047,14759.71
10720,6906.17
12677,14652.01
11420,7211.80
12345,8415.48
11505,6128.48
12796,9315.41
10981,9957.85
12229,8132.97
14648,17780.58
13710,17996.51
13542,12808.71
15386,24495.03
13278,10536.66
11585,6402.45
12461,8142.53
11382,5702.13
11808,8023.11
11863,6614.86
12517,12224.39
10716,5746.76
11569,5716.55
12633,10210.60
11858,10743.14
12380,13027.64
11405,7953.72
11451,6068.39
17272,22054.74
12127,8643.32
16139,26337.96
13062,10725.87
10754,5845.60
12132,7819.71
12178,8721.57
12732,10068.76
11620,6961.69
13135,8860.70
13718,12221.30
13787,10023.77
11380,5707.84
11033,7746.92
12995,11490.77
12485,9923.12
12590,9121.91
11808,5932.45
12265,10599.61
10861,7322.03
18140,28229.25
13610,14790.13
11851,6279.72
11645,8420.65
11805,6476.39
12349,11727.32
10920,5361.51
13608,11813.78
11955,10964.47
11980,12355.39
13392,11403.46
12748,10439.74
14736,16268.87
12233,7399.54
12009,6025.08
14411,18878.24
11796,5195.60
11507,6256.50
12008,8086.72
12501,9578.06
11765,7175.74
12422,8983.01
15295,25580.68
15480,26236.48
13648,15446.81
11731,8207.19
11095,6515.31
11677,8080.08
12735,9729.30
12448,11700.35
12270,8597.39
11332,6413.80
12272,11421.68
12936,10443.55
12280,8083.86
11741,7483.61
12707,10315.53
12853,13121.23
13109,13672.45
17969,54340.13
11889,7972.98
13323,19029.37
12720,9755.91
11786,8290.46
13764,13461.36
12333,11046.80
12393,9860.57
12394,10685.05
10868,6940.51
11992,7948.80
12684,12084.24
11911,5956.79
11947,8347.53
12423,11264.28
12859,12208.24
16928,23544.06
13055,11481.60
16429,20771.40
11818,7607.95
11500,8723.63
11868,7143.36
12065,7139.98
12704,13533.35
19056,42356.24
13354,12169.60
13752,12421.68
11583,7694.41
11591,7781.28
11085,8612.00
11574,7242.40
11811,7464.24
14131,12379.38
14221,18638.25
11763,7175.65
12463,9860.21
12387,9056.41
12459,9001.98
12318,8376.26
13788,13395.17
10572,5808.02
12479,10450.48
12004,8203.87
12226,9223.05
13040,13353.77
13230,12197.14
11511,8212.38
12034,7824.86
12217,8303.50
12116,10633.08
11581,5359.66
11450,7374.38
12098,7513.95
11197,5635.45
11317,5634.31
12376,7368.72
13622,19708.63
12179,10446.06
11516,7751.23
11088,6284.00
14129,18216.09
12093,7198.15
12692,10486.55
12092,8724.62
12062,6607.36
11628,7599.51
11364,7196.52
12283,8814.42
11762,8869.50
11091,5074.94
11276,7676.24
11743,7491.32
11322,6465.57
11275,6966.06
14640,18604.60
12568,16091.87
11611,7495.39
12034,8303.92
11796,7577.12
17145,25788.67
13528,12045.23
12338,7641.17
11844,5954.38
12370,6783.62
11786,8366.59
13677,12423.28
11792,7995.82
11394,7096.05
14211,16871.50
11978,8453.63
12569,10959.09
11726,10142.51
11479,6930.33
11253,4911.01
11309,6529.01
12214,7625.64
13772,12297.16
15955,27519.26
15476,20489.26
12545,9212.12
12020,8406.52
10924,6717.01
11772,6815.44
11989,12244.58
11789,6888.50
11472,6187.93
10668,5688.90
19396,30485.33
12139,6774.46
11983,7335.81
13196,14004.15
11634,7970.54
14277,18832.88
15784,34974.12
14256,20992.84
13000,11744.21
12465,11642.32
14927,15091.19
11351,6576.16
11986,8224.88
14323,27133.96
15686,25478.17
11600,7981.52
11233,6210.94
11113,6945.48
11767,7452.99
13501,8795.27
13272,6447.30
11927,7754.01
14538,18405.63
11179,6937.46
11730,8525.98
12742,11863.99
12299,10495.16
11348,5462.88
11708,7016.78
12270,9285.68
12770,9303.30
12666,10102.79
16459,8855.71
14128,11583.02
12307,7572.41
13368,10920.95
14067,11622.09
12400,7699.75
14513,15159.25
13493,10573.34
11964,9013.82
11663,6904.52
14442,17867.70
14124,13334.86
13173,12265.80
12489,8633.95
12296,10645.52
11319,6329.05
10974,5479.67
11383,6085.41
10809,6552.65
11193,5453.95
10839,5563.39
12706,14447.29
12573,10603.57
13214,12048.32
12315,6859.94
11712,7108.96
11333,5524.72
13331,17320.80
12826,11640.96
12993,9379.16
12119,8867.83
12061,7151.92
10895,5306.88
12115,8213.45
12874,9122.19
12141,6824.74
12793,13002.16
12493,9856.62
13922,11415.53
14144,13358.02
12011,8182.71
12057,6731.12
12901,8911.75
11630,6515.37
13093,15499.75
13912,14348.90
10944,5981.57
11488,6704.43
11390,7398.86
12142,8445.73
11971,7558.38
13059,13801.94
11917,9140.27
12783,11194.40
11399,7191.95
12900,11387.73
11621,6428.62
12537,10131.91
12059,7493.56
11534,7760.16
11816,9064.84
11459,5847.85
12396,11441.42
12888,10299.52
14592,16109.50
11854,6647.77
11896,6718.83
12656,7663.58
10814,6118.33
12129,8765.67
11346,6704.84
10692,6918.29
11672,8732.29
11048,7413.27
11957,7905.97
12586,11732.28
11206,6387.67
12434,9360.91
11808,7318.03
13030,14709.79
11306,7038.90
11952,8760.72
12237,9984.68
13841,18144.19
11964,7687.88
12634,12701.78
11386,8576.31
11507,7673.56
12636,9985.01
12562,11249.59
11216,6736.14
11806,7342.68
13229,10883.87
11578,5956.13
11706,9767.51
11323,6241.73
11014,6518.01
17702,35561.31
13219,12578.86
12327,8340.33
12435,9068.61
12237,9167.65
15074,28483.89
12473,13393.25
11578,8679.86
14579,27295.26
11240,8213.16
10568,5575.30
12346,8775.56
12100,8806.94
11948,8604.64
15929,21829.23
12785,9756.72
12653,8518.44
11808,7105.88
11619,9457.66
10458,7277.71
11180,6833.61
11903,10817.73
12337,13024.48
11650,8103.12
11986,8973.79
11424,7154.49
12395,10320.02
11943,9986.18
12171,7768.88
12425,9935.82
12038,12830.66
11275,6086.73
14636,20169.42
13207,6960.64
11915,7762.83
11472,7051.97
12042,7233.68
14189,17140.27
12844,7852.94
12604,9657.91
11232,6712.35
13075,14758.16
12695,12674.34
12954,10653.93
11376,5976.59
11419,8452.41
12597,9608.70
11215,7391.28
11486,9172.25
11591,8272.79
11861,8719.45
11261,10197.84
12521,10240.24
14112,17142.55
11142,8649.02
13501,20859.95
14095,18436.94
11826,9937.40
12230,9879.56
11075,8122.28
11607,8519.19
11478,6939.76
12298,16285.20
11069,8060.40
12538,15304.77
12154,8757.42
15225,22290.43
11515,8168.72
11438,9700.15
12618,15089.64
11234,8557.38
12031,8656.98
11788,12123.78
10709,6662.86
10793,7504.57
11716,12354.27
10807,8873.90
13294,13929.31
12196,7933.65
10934,7519.28
10009,7175.85
12948,12853.31
11732,7290.87
11621,6331.28
11749,7183.96
12842,11639.64
12507,12351.53
11398,6919.88
11677,8664.61
11970,7750.20
12851,12855.89
12303,11753.16
11494,7616.42
11613,9554.15
11535,7952.99
14341,15661.43
12047,9376.89
12081,8872.85
12018,9366.01
10483,7228.82
12631,12249.89
12878,11074.99
12307,10195.42
12531,10454.29
11825,10242.16
10473,6772.13
12294,8355.31
12649,10676.13
16876,32266.69
10730,7069.75
12624,10663.28
12581,7786.31
12753,9335.50
13014,11106.66
11024,8147.39
12135,8609.19
11502,5342.18
11378,8083.16
12983,12860.47
25876,78630.92
11597,8488.28
12883,14584.57
13105,13276.65
11709,7598.49
13829,15712.65
11147,6585.60
10893,6603.35
12002,10836.17
11303,7456.73
10830,6063.45
11350,6845.36
11923,7817.73
13504,19689.11
12327,8343.21
12746,10703.43
12051,13023.77
14425,17412.46
14463,18931.22
12067,8613.90
12059,8303.83
11516,6264.69
15178,28994.24
11278,5738.61
12262,7829.14
12236,7834.18
14851,25291.69
12759,13782.83
10818,7630.67
11759,8588.10
11423,6034.79
13076,20715.81
12351,13468.12
13046,10509.13
10876,5644.51
11726,8389.88
10927,6385.21
12510,9944.21
11803,9331.24
11508,8317.66
12374,9825.06
11509,7040.15
12745,10223.97
11276,6576.30
14713,24031.20
13050,12469.19
11656,7229.87
12069,6616.40
11472,8046.59
11837,10270.39
12510,9144.30
13516,23479.87
11810,9961.00
11312,7816.40
12694,11339.44
11560,7660.32
12411,12914.42
10822,6224.01
12674,14068.22
12315,7785.34
13393,11926.06
12218,10605.86
11242,7279.04
11815,7249.79
12132,9023.88
10856,6030.97
12405,10784.46
13315,12675.42
12252,9265.60
11367,9331.70
11808,8207.20
11840,14660.88
10746,6997.20
11495,7587.69
15031,18185.49
11543,7373.81
12005,6897.89
14625,27505.77
12364,8853.07
13334,13869.29
12096,7006.43
14030,15000.68
14950,23582.23
12077,7039.78
14755,18757.76
12483,9588.87
12552,9459.21
11498,6069.10
12229,9999.85
12906,12580.59
10847,7146.10
11542,9277.06
12822,11363.18
11205,7040.92
12280,9272.21
11226,7168.86
11908,8984.33
14073,12988.55
15076,19936.72
11312,6174.92
10761,6070.37
11827,7805.75
12117,8128.96
12368,8682.12
10977,5996.71
12666,10599.19
10969,6748.03
13463,12760.90
12149,5396.90
10841,5450.34
14072,19920.22
11378,7446.16
12923,20440.53
13233,14280.03
12359,11819.03
10488,5962.56
11322,8575.16
11276,8643.13
12289,10052.54
12005,9059.81
12547,8598.02
12062,8658.56
14226,15914.25
11140,8547.55
12717,8726.93
12022,10265.31
11844,7998.54
10931,7143.37
10886,6527.27
14207,15490.70
12862,19409.83
11878,7344.09
11512,11327.28
10902,7972.31
10901,7898.82
12886,11897.98
10703,8121.23
11387,9631.49
13525,15041.07
11137,9819.19
12359,9083.03
11678,11910.02
12938,13531.94
11284,6490.71
13720,17110.40
11276,11640.73
12469,9503.90
11797,6978.89
10581,6729.27
10888,6497.02
12470,15831.01
13517,20253.36
13130,14897.54
12557,10481.45
12110,8193.58
12041,11498.82
10896,7690.79
10869,7519.43
11344,7532.78
16558,37893.51
13835,20202.51
12833,20623.91
10871,6260.02
10699,6175.14
11632,7473.58
13232,13803.85
11840,7497.48
11933,8399.85
11411,7442.88
11285,6280.28
11332,6638.68
14355,16369.52
12176,8306.64
10450,8104.27
10812,5763.39
11883,8617.95
18562,30356.60
10919,8688.18
11846,7605.56
12485,11041.60
13373,21693.93
11777,11234.53
10462,7972.89
13418,14783.46
11104,8776.67
12875,18941.98
12000,9096.80
11257,7091.66
10964,5938.97
16225,26678.55
12504,15063.30
11072,7103.37
11699,7696.41
13230,16481.07
13901,16397.65
10978,8395.33
12002,9709.83
11336,5779.02
12220,7911.88
13773,13100.59
13799,12513.74
11872,6925.71
12197,7399.46
13882,19278.48
11976,8807.33
15693,22631.56
11722,7025.37
11443,5487.33
11192,7095.53
11893,10285.55
13039,12668.35
13296,14916.39
11365,8865.68
12636,15365.98
11774,10159.97
12970,23470.11
10152,7002.14
12061,13324.89
11271,6196.33
13261,10807.42
11554,6543.48
11494,8370.09
12373,8847.27
11111,7590.70
12980,15515.78
12016,9117.32
10987,5942.56
11174,9680.01
10920,6971.08
11790,9104.11
12775,15080.92
11435,5926.33
11853,8378.67
12495,9966.96
12426,9883.49
10758,6405.11
11298,8460.53
12703,12723.29
11241,6714.65
10852,9160.48
11665,8912.87
11414,7053.70
12407,9275.59
11098,5442.73
12386,8494.81
11446,8734.09
12533,11449.53
12281,8197.00
11326,8483.17
11469,8281.66
13645,20942.66
10633,6407.21
10405,7359.33
12039,9061.85
13026,12895.36
12180,12892.84
12147,9442.24
10688,4819.90
10737,5354.43
10940,7419.28
11113,8075.35
11619,12446.37
11664,8131.01
11211,8765.58
12996,16810.83
10380,7683.23
10883,5920.72
12965,16435.01
12572,10272.03
12294,10622.53
11035,8985.28
11919,12656.14
12189,9643.38
11777,9393.13
12837,11694.05
12348,7592.26
14176,18688.70
12495,10745.51
12200,10151.94
12644,13813.69
11037,5944.38
10788,5656.01
11100,5299.38
11601,8996.41
11745,6215.71
12911,12509.14
10705,6716.01
12401,8151.81
12082,11550.81
12214,8083.65
12415,10690.04
12812,14126.61
13223,10523.80
13417,10764.35
12495,9467.71
12157,9944.92
11820,8382.53
13942,13239.76
12103,9668.77
12820,9718.89
14320,17555.42
14482,18696.91
11687,8534.49
11453,9805.76
10714,7869.95
12740,11638.69
10938,6863.59
10553,6809.15
11649,8663.73
11805,9486.03
11172,7261.49
13543,10444.77
12173,7117.29
13254,12815.55
11847,9133.52
11323,5368.09
12408,10076.44
12175,11502.02
11589,9200.87
14736,18093.76
12633,15299.96
15066,15334.61
12392,11913.68
10134,5980.46
12685,20062.16
11613,6028.21
11720,6270.18
11428,7941.48
11606,6410.92
11350,9989.34
10481,5630.32
12149,9249.25
12595,11684.36
12236,16317.01
10838,7074.20
12203,9270.97
11015,7882.13
12219,6895.97
11861,10983.08
13461,13350.59
12565,11930.59
10695,8053.78
10891,6120.62
11528,9717.90
12183,10390.94
13210,16045.73
11080,8450.91
11602,8600.02
10921,6571.12
12057,10143.75
11747,7784.51
14575,26926.72
12247,10936.75
13543,14490.59
11492,7409.73
11214,7840.55
11346,7989.04
12469,10896.50
11317,6191.28
11526,10307.41
12577,17049.11
12137,15913.36
11219,7766.87
11731,6177.52
11433,9135.89
10798,6253.89
11822,8829.49
11639,8981.07
11553,7511.17
12831,10017.43
12545,15612.80
10658,7405.89
12742,7549.20
10907,5892.23
12560,20132.19
11622,7350.46
11664,9570.81
12923,15461.29
11596,9098.66
11595,7925.39
12421,17133.72
12000,9672.03
11914,7535.36
11125,7877.89
12584,9928.69
11402,6921.12
12821,11630.24
13178,17080.61
12232,10624.70
13242,17763.55
12239,7419.53
11596,6436.33
11283,6854.77
13703,20369.77
13485,15951.57
14707,20895.41
11632,7575.89
12100,7959.84
11598,6847.58
13806,17411.15
11333,9787.38
10744,6915.84
14012,9500.82
11929,8568.67
13033,10188.63
10769,7802.17
11470,7077.49
12834,16168.57
10943,7620.97
11747,9739.19
15353,22863.31
12053,11704.29
11670,6222.07
11187,6940.50
10871,8660.06
11828,12363.40
11788,7715.07
10808,7027.98
10496,7260.47
13251,21857.19
12209,15143.18
12421,11198.64
11467,7632.58
11020,5881.81
10401,6444.40
10391,5639.34
11742,10124.77
11149,6600.59
11466,8724.02
11097,8011.27
11085,6858.29
12129,10158.89
10544,8359.59
11937,9273.24
10881,6530.41
11672,7630.90
11090,10134.53
11902,9689.65
11855,6584.27
13998,13805.51
13470,12926.93
11942,8789.83
12433,11228.35
12604,9966.44
10813,7212.70
11725,7890.32
12678,13837.39
12546,9751.44
14055,18191.31
12025,10583.14
15385,23915.49
12658,7821.22
11835,10103.43
13267,9547.10
11649,7532.84
11311,7349.24
13110,10916.99
11867,7506.08
11018,7160.94
12064,7661.44
12459,9211.72
14069,19805.44
13129,11137.33
12134,8524.44
13064,13730.78
11852,6875.85
11598,9288.62
12873,9938.73
12811,11639.90
12584,14058.70
12933,11678.73
10875,7302.56
12792,8108.07
12880,12911.88
11901,9450.29
11755,7306.81
12596,10004.15
11991,11950.06
12259,8694.83
11868,7330.21
11983,8527.31
11380,6591.05
11780,9043.70
15073,18798.40
12886,10587.42
10844,5581.50
11729,8665.79
11544,7179.83
11425,7101.73
10551,7073.34
11801,10700.96
11855,11608.68
11720,8634.15
13036,8378.73
12327,10090.87
12493,9461.79
11015,5582.14
10909,6230.94
12355,12399.69
14305,17510.53
18084,53458.01
11388,8230.97
12167,9662.39
11002,6714.51
11771,7172.76
11972,10312.66
11745,8901.55
10727,8074.21
11463,8754.99
13290,8750.32
16226,29673.99
11763,11161.50
11880,8364.28
12215,14750.86
13889,20475.85
11998,6953.73
13319,20394.93
10320,7141.68
13771,12754.23
11619,8841.55
10781,6554.27
13418,11368.29
13904,15104.60
11565,8736.34
13043,11059.65
15555,20236.54
12467,18161.77
10661,6250.90
12222,11013.34
11744,8509.90
11399,10591.76
12363,9930.45
12361,9644.87
13571,12358.11
12010,8313.26
12222,13268.03
14112,15080.44
10918,5794.03
11630,10913.54
13284,11398.10
11133,6680.41
11393,6909.81
11357,6370.80
11979,8867.48
13006,15188.54
10817,7160.13
10719,6839.31
12918,11717.65
11748,7641.53
11319,10231.09
15304,27857.78
10778,5682.53
11237,10192.30
11713,10991.22
12263,11479.77
12278,7819.03
11814,11518.07
11214,7044.88
16049,32610.67
11684,9899.31
12420,8348.43
13744,20170.01
14309,22494.59
11630,9516.85
13035,14347.70
14698,21645.67
11450,8132.09
11742,7608.10
11984,8566.91
12770,13549.28
11743,8150.27
13307,18858.47
12091,13144.41
11382,10833.61
11570,9470.05
12900,9242.21
13165,14545.24
11673,7598.30
11013,6647.05
14555,13069.50
11902,10688.05
11980,5734.02
11983,8078.84
12453,8239.57
12226,7772.48
12018,7556.55
10225,6185.78
11528,7350.06
11995,9200.56
13607,21823.91
11912,10600.54
13843,14107.13
12653,12080.92
11369,10734.07
12903,16426.02
11742,8293.76
11945,10395.56
13788,18856.60
14015,22370.91
10924,7707.83
10727,6688.51
13173,18425.53
13030,15595.28
13673,31055.35
13674,19038.46
11836,7904.75
11852,8238.98
13640,17933.97
12030,7402.23
11216,8889.13
12991,12911.29
10077,6053.03
11906,6254.06
14364,15783.94
12047,6814.49
12739,7613.88
12169,9729.85
12683,12858.84
11787,9939.75
12085,13244.84
15190,17462.96
11345,7154.40
15373,18050.74
11419,8466.76
14722,19565.83
12071,11305.64
12089,8830.99
12012,10505.16
11601,9554.01
11249,10447.89
13570,15046.76
12551,12896.16
10996,6934.01
10649,7574.99
11380,6122.14
12681,9740.93
13759,11513.48
14979,23842.45
11835,8150.91
11509,6991.72
12304,10829.55
11789,7854.75
13124,11824.06
12558,11108.93
10202,7317.98
16154,24653.97
11239,7607.02
13388,14324.49
11137,8436.07
11994,6966.83
11202,6712.98
11716,8468.45
11848,12602.63
10925,6056.42
11509,5919.72
15226,19404.09
11139,6909.39
10787,7688.25
11390,10887.98
12485,10349.95
10759,11016.10
11684,6891.79
14002,12032.86
12012,8249.73
12229,11103.50
13336,18172.50
11013,5085.27
11401,8449.05
12408,10620.51
12075,8103.27
12194,8899.11
12758,7458.03
13366,8838.38
14120,16872.28
13569,9817.63
12318,11494.43
15446,23224.76
14108,15769.30
11691,6737.56
16368,25644.30
12053,10220.33
11967,7578.00
12199,8483.31
13142,14208.75
11385,7352.56
12855,10286.60
11753,7376.18
10410,5483.42
14086,18474.16
10978,6472.62
12620,11972.01
12814,10222.24
12069,8478.23
11400,7647.02
12142,11002.95
12328,9311.73
11755,7363.73
11850,6796.46
13628,12555.01
16231,20337.75
10834,5398.42
12432,8649.97
11627,8129.60
11750,5944.93
11261,5514.96
12284,8967.45
14598,18526.07
12859,10421.34
10999,6116.04
11462,7120.45
12861,13080.05
10807,6951.41
11610,8206.55
12939,12584.55
12161,10073.85
12748,12745.55
13728,14097.46
12855,10850.47
12606,9856.43
11537,8068.29
11283,5974.50
11125,6047.15
11508,6099.06
11596,5706.12
11543,8026.69
11999,7811.68
11600,7330.24
11653,9086.06
11676,6554.07
11976,8357.81
11020,6160.79
11795,8627.93
11881,9355.38
12209,9503.27
12605,10200.04
11897,7862.01
12215,9764.92
11912,9077.64
10737,6260.19
10419,5834.94
11134,7149.25
12974,17684.91
10322,6575.09
14662,15548.02
11603,7417.81
13573,15618.29
11379,5976.43
12507,7926.33
11810,8426.59
11748,9754.46
14990,19423.88
14320,18394.47
12261,10595.73
11044,9499.63
12184,11358.59
11716,7885.75
12022,11723.39
12109,9251.47
13103,18289.20
11381,7851.26
11317,6287.97
14045,19284.74
12078,9233.39
12715,12809.68
10909,6332.78
11447,5960.40
12847,15733.60
12878,17170.04
13909,20253.60
10676,7227.31
10566,9091.27
12344,8509.65
14176,17292.31
10651,7195.19
13965,15082.64
11754,6218.99
11969,9324.79
11748,7274.72
11922,6941.76
12752,12670.95
12598,9252.09
11181,7792.53
10660,7305.92
12638,11605.59
12329,12448.95
14213,15745.99
11804,7213.60
11881,7516.43
12628,8479.44
12565,11751.13
12579,16021.64
11032,6506.40
11306,8081.36
13232,7087.77
12206,9176.90
11271,6300.32
15229,20747.69
12449,11168.85
11475,9048.18
12144,7702.47
11277,7143.96
12741,14466.20
12307,8193.94
11229,6830.04
11083,6407.38
12062,8872.89
13981,17381.60
16562,24684.18
11785,6915.74
11701,7470.63
11917,10268.19
10892,5959.79
10820,6927.54
11260,7957.14
12629,9717.98
11272,7061.89
12159,9393.64
14456,24292.60
13432,19742.61
11749,9657.01
11462,8609.40
11725,6698.72
11205,6610.28
12336,10026.61
11560,8051.26
13010,10811.29
12273,11437.71
11562,9442.31
12434,10079.41
10655,8904.81
16892,26611.88
12301,8836.17
11186,6765.88
11587,9156.86
10747,6786.08
14824,18326.02
12233,8572.90
12422,9436.30
12030,14188.81
12212,8232.01
11012,6664.61
10946,5842.86
12061,10037.90
11174,8136.95
11495,7164.45
13675,8648.23
11834,8535.17
15843,22116.00
17310,23070.79
11145,5523.85
11654,7961.10
12191,8705.17
12128,9577.83
11754,9139.96
12644,11005.10
13659,23556.94
14761,16133.26
12228,10220.31
11509,6497.56
11410,7059.19
11347,6552.18
11510,6129.63
12027,8606.16
12612,11052.75
11786,6502.07
12327,9291.45
12331,14992.62
11690,9576.84
11515,7381.13
13186,13818.01
12109,8596.61
12424,12426.77
11353,6491.25
13489,14653.36
24574,83430.16
11082,6268.70
12612,10482.18
10639,8257.76
14298,18337.89
12437,8017.72
10764,7163.77
11166,10050.48
12283,7643.96
12411,8441.69
11483,8526.63
13039,7304.01
10966,6065.71
11067,6013.45
10628,9091.29
12754,8902.79
11824,6486.99
10972,10018.34
11893,7136.18
12575,7420.24
12292,9539.46
12517,8141.03
13572,10922.04
11326,7050.26
12097,7887.21
11137,6347.60
11869,11023.75
12832,11562.09
16103,11837.45
11061,6635.23
13000,11809.17
12782,6622.62
11917,6323.73
11539,6481.35
12231,9294.98
12324,11621.92
11605,8836.86
11888,8540.75
12674,10534.52
13746,13929.20
12200,7642.89
10798,5010.62
11018,6062.92
12334,12618.73
11889,8662.13
11952,7953.93
16009,26332.35
13942,21845.04
13053,13080.69
10954,4715.17
11271,5837.94
11901,7878.60
11197,5673.17
12691,20178.69
12238,8626.23
13171,16300.09
12269,10741.07
11000,7102.04
11685,6551.63
11483,8772.12
13055,12224.17
11711,8484.91
13122,18745.10
12189,9125.45
11327,6555.20
12818,18104.20
12976,14904.66
11977,8624.20
12782,10179.81
12779,9972.82
12872,12578.64
15091,18096.21
19704,52002.04
11722,7195.56
12456,8084.18
13875,16155.46
12329,7960.00
13189,12869.74
12172,10579.13
11481,6005.22
12173,10294.31
10962,6757.56
11302,8515.41
12083,8253.79
12203,8116.42
11880,7709.38
12559,8656.67
12836,10845.11
11997,8011.95
11855,5945.68
14636,16990.07
12427,14197.78
12528,11149.78
12461,12607.21
12794,8227.01
12451,8178.17
11016,4974.57
12465,8825.68
12755,7835.46
13009,8782.86
13044,16226.40
11563,9266.24
10999,6623.32
10995,7308.99
11002,5675.75
11535,7376.53
13055,16558.03
12866,9127.33
12702,13939.92
13320,14603.49
11179,7538.58
10749,8274.66
11736,8800.44
12747,11534.41
11053,6527.58
10976,6890.01
11273,6227.21
11360,6453.96
11523,6520.84
12204,9873.60
12771,20463.81
11762,10160.54
12754,10455.78
11218,6663.79
12144,10045.46
11204,6178.22
10718,5917.84
12403,10186.08
11525,10989.74
11181,6393.55
12171,8857.98
11915,8514.58
11123,5103.46
11559,6909.99
12082,11388.26
11612,8606.51
13420,9399.76
13294,14882.17
12185,10313.71
11880,8718.71
11984,6489.53
13254,12209.60
12774,10121.06
12834,10179.42
13061,21948.42
11080,6495.23
11191,5982.44
12095,8580.10
11409,7214.39
13780,21698.06
12304,7665.35
13045,13664.01
12847,10678.58
13644,15097.14
11514,6791.17
10914,5929.42
11266,8232.61
12199,12070.31
11304,6249.36
11539,8479.11
10922,7370.26
15603,22970.51
11382,6915.26
11846,11433.56
11428,7403.72
11269,8052.69
11562,7430.29
14063,16230.94
10717,5392.15
11284,6606.46
12477,9047.30
11420,6319.39
11817,6136.72
11024,6152.83
11667,7908.41
12742,10276.62
11338,5829.21
12242,10501.35
12715,14982.82
11432,7026.72
11332,5812.61
11061,5413.50
13399,14474.03
11197,7428.65
12337,7182.51
14124,18246.33
13056,8723.65
12521,9703.14
11414,6313.79
12005,8242.78
12048,7382.74
11376,6908.80
11474,7090.20
13638,11884.71
16272,27388.98
13092,11453.75
11496,7114.51
13010,7762.70
16535,26400.60
14648,20448.58
14680,18495.72
10851,6497.52
11446,6891.94
12400,7705.40
11535,5991.11
11706,6689.99
12628,12212.67
12429,13960.47
11891,9399.04
12545,11015.65
11091,6290.09
11482,8066.97
13359,14188.70
12346,11814.68
14180,13613.91
11034,5371.97
14013,15346.95
12937,10459.32
13435,13820.57
11916,7876.20
11864,11359.32
11044,6363.67
11274,7567.34
12395,10583.93
13330,16869.42
10902,6660.77
12204,11047.08
11270,6636.74
11639,8818.25
12539,10211.31
12933,10608.56
11256,7432.80
11339,8425.41
11428,6712.08
11760,10545.45
10451,5619.73
11028,6775.50
13802,20938.80
13646,18638.91
11814,9102.27
12297,11310.81
11990,7318.58
12248,8301.16
13299,14987.38
12099,11623.84
14021,15765.82
11957,8101.20
11821,6735.93
12651,13983.28
12088,9769.67
12624,10346.87
11938,7776.28
11840,7279.68
14309,23663.34
11558,8508.78
10980,6478.56
10938,6493.23
11433,7607.97
11379,6752.97
11615,6826.26
11786,9588.39
11702,8304.93
14172,13622.57
14156,17115.11
13198,15547.29
12218,12296.61
10680,5464.41
13376,22248.85
12754,9589.40
11823,8954.72
11826,6772.30
12377,10842.26
14783,18638.01
14663,20277.72
11154,6112.47
11787,6701.47
14148,14855.88
12057,7695.64
10627,6371.91
14109,17748.15
10870,7485.30
11642,8046.94
13754,18357.90
11840,8219.91
12913,13415.19
13936,20299.32
11229,5511.41
11862,9634.72
11332,6771.73
14818,15706.16
15934,36956.96
14172,16948.45
12917,7866.92
14725,19190.20
11551,5935.03
10704,5515.12
13706,17072.56
12098,7439.87
12000,6313.73
13218,11309.73
12378,9813.88
13979,18555.74
11024,5333.26
12520,7668.98
12439,18803.73
11462,6086.25
11162,6980.93
11663,8041.10
12184,8303.69
13451,12029.08
14112,23025.92
11302,8113.62
13921,20169.59
12675,9911.07
11643,7129.17
10957,6953.69
11331,6799.99
12754,7515.80
12207,8224.31
11288,5951.68
12243,9149.94
12353,8824.97
14494,12178.61
12805,10298.66
13001,11410.98
11799,7761.23
11951,7007.95
13326,17972.88
12999,11294.24
14356,20818.28
13519,10368.42
13054,11051.83
10649,5639.62
12468,13325.11
15758,31766.24
11099,7442.00
11294,7313.73
10697,5567.19
12805,10871.05
13842,15212.23
11825,8535.57
11438,5789.64
11712,8134.62
10916,6576.30
11396,5286.04
11679,7352.01
10889,5700.80
12532,10251.13
11946,7458.43
11796,6586.64
11685,6260.79
11730,12496.16
11223,6063.76
12284,9236.78
12339,9044.70
13839,17378.55
15132,28185.17
11814,8728.54
11955,7583.40
12465,10237.96
11651,8303.70
14679,13309.46
12411,9631.29
14108,15877.88
10913,7081.75
14891,16971.13
11426,7768.94
10548,5839.28
11486,6112.38
13895,19524.35
11592,6230.76
11928,6861.70
14408,15729.10
11346,7134.39
11155,7714.62
12086,7825.92
12219,8507.76
13600,11905.25
12650,10085.10
12572,16279.68
10864,5701.71
17652,27408.76
12802,10586.04
10936,5247.64
11557,9054.96
13567,14489.92
13868,24452.43
10395,6062.62
12190,11108.58
10637,6090.58
12054,9715.31
12091,8751.54
18364,43354.50
12414,12129.22
12315,8966.47
12062,9161.75
12399,8461.82
14201,21006.86
12015,8609.77
11922,8647.69
12223,12454.56
11132,7528.94
12385,10653.47
12530,15245.55
11991,8130.33
11510,7462.38
10772,6605.23
11532,5641.15
12349,7125.65
12909,11072.42
12569,10259.48
12020,9108.79
11547,6116.48
12270,9091.10
12873,16025.61
12955,12182.65
12540,9321.50
11631,7605.10
11329,8406.08
12204,9382.77
12427,11029.17
12453,9151.03
12226,13631.85
11662,5410.41
13110,10879.41
11004,9453.95
11106,8935.99
12500,14514.24
11932,10762.83
12585,9397.07
12176,13115.83
12758,11334.47
12826,9202.81
11412,9182.77
12544,8279.21
12806,9042.55
10579,7131.04
12218,10417.52
12881,10615.18
11716,7178.15
11114,6163.74
11150,7961.44
12557,11492.97
11938,10997.08
12015,11637.60
12371,15204.35
13389,14775.01
22468,49476.23
11873,9516.20
13718,14930.47
12037,7450.31
12566,8577.39
12008,7437.60
11950,6682.96
12505,7013.14
11982,6687.67
12701,9010.51
12645,7111.86
12885,7538.56
12745,8791.68
13541,14776.15
13831,13203.49
11511,7828.34
11880,6748.53
14460,16774.21
13800,20022.40
13315,17501.57
12338,8842.98
12720,13758.71
10904,6291.67
11579,9899.01
11982,9354.95
11747,9424.59
10818,6893.01
10963,6838.02
11075,7980.15
12442,7516.64
12499,8903.35
12651,9422.34
11321,6077.27
12737,7095.46
12120,9485.40
13081,6869.22
11859,8709.28
13998,18420.81
10948,7672.24
11264,7428.10
15037,20599.62
11168,6051.46
12436,9919.22
12066,8837.56
14473,20928.50
11318,7321.94
12453,10281.47
11589,5706.62
11250,8721.08
10887,6451.35
12055,8449.28
11981,7697.11
13094,12934.70
11679,7051.30
13366,12771.80
13273,10822.97
14446,20434.39
13453,18895.51
12508,8814.51
12592,7495.83
12812,9448.72
12103,12638.74
12443,6307.54
11480,7150.55
11210,6396.77
12407,8771.79
12326,11545.79
11814,6917.32
10931,11068.16
12508,12938.96
11809,9947.71
12535,10368.91
12041,7317.69
13581,9006.43
12422,9694.70
11396,7300.19
11636,9644.14
13154,20209.57
11438,7453.06
11485,7774.45
11944,9504.27
11908,7972.51
12561,12641.15
13553,11014.72
14040,11140.50
12891,13310.67
11307,7776.64
11984,8498.73
10411,6907.95
11361,6609.25
13319,13278.32
12266,11682.44
11457,6704.10
10932,6543.31
12252,13799.76
11759,7965.28
12439,9948.74
13158,13242.80
11460,7001.15
11923,9077.08
12179,9721.35
11144,8280.67
12192,8870.10
12490,14545.49
14551,15313.02
12252,9882.46
11991,10069.64
11672,8083.55
11492,10640.15
12105,11392.95
10511,7309.57
12756,10104.47
10715,5579.22
11011,7769.21
11361,6221.25
11433,7187.00
12671,9037.80
11223,7581.25
11128,9500.20
10514,5441.10
10493,7094.72
11367,11310.02
11577,7374.77
12145,9990.08
11769,11108.62
13272,10727.04
14621,20901.85
11916,8186.04
12336,12777.59
11754,5352.28
12080,8668.18
12374,12535.82
13059,14272.94
11992,9761.98
10362,6438.37
11807,10380.08
11234,7207.08
10667,6023.60
13119,13178.16
14093,21942.88
10686,7625.74
12131,6578.86
11037,5938.04
12449,9402.75
12065,9785.23
11679,8865.39
11710,9146.86
11521,8856.33
12142,8965.68
12462,10972.82
11670,6145.82
11727,7365.98
14223,13424.56
11614,8385.90
11692,6991.48
13134,13747.21
12017,9723.07
11430,7994.24
13000,10142.51
12418,8412.04
12955,10559.94
12158,9341.03
15055,21607.13
11730,8710.12
11543,7059.14
10582,7309.43
11394,9059.74
11034,6885.76
13032,10168.54
13787,12770.05
14450,20580.07
15782,33819.71
11675,8415.62
11796,8462.75
13245,13645.83
11221,7916.88
12100,9109.18
12361,13804.99
18171,40818.30
10459,8682.56
10646,6062.59
11863,9671.24
11743,7412.74
12531,8904.46
12362,7436.62
12056,7945.61
12192,9979.91
10739,11013.09
11772,6742.83
11752,6957.56
11088,5573.30
11621,5455.01
12030,8036.90
13225,14793.87
16658,26249.91
11888,11266.56
11726,7918.24
11951,8217.63
12120,7574.05
11487,7167.24
11729,7583.57
13453,18515.11
11124,6574.78
11414,6692.89
11717,8484.02
14302,18152.02
11644,7850.41
15093,17949.64
13108,12081.14
11831,6109.49
10989,7268.47
11867,9159.30
13711,13851.51
14110,14023.63
14516,13289.44
10633,6015.72
11345,9586.45
11843,7708.09
13221,13378.48
15139,22491.16
11246,6838.17
10762,5801.85
11758,10533.30
16375,24696.15
13412,17532.41
11445,5805.97
12374,9343.35
11519,7537.82
11266,6234.17
12698,10159.58
11128,6557.82
12080,12976.62
11831,9059.38
13348,11864.16
11271,6766.04
14825,19459.95
11789,8241.41
12442,12206.94
17077,22828.04
13495,20992.52
11638,9883.68
11238,5436.45
11042,6045.88
10799,6041.82
12989,17278.16
16432,25794.41
12876,17102.72
11752,7272.51
12012,8094.26
11913,7199.11
12012,7864.27
12276,9093.56
14841,22796.49
11884,7059.54
12795,11207.91
11025,8436.38
11410,7206.79
11749,6710.59
11102,5617.13
12303,9770.19
12595,10927.57
12905,12164.53
11818,7030.61
10722,6975.87
11896,9218.77
12514,12123.59
12004,7108.48
13527,16399.24
10567,5833.84
11879,6096.64
13538,23804.27
11410,7426.36
11655,7614.42
12625,10408.96
11684,6468.28
12630,9764.64
11050,8243.36
13900,15881.56
12245,9820.70
17108,29077.24
12664,7936.53
12002,7314.25
13357,17471.08
12114,8166.09
13883,12577.02
11615,8572.51
12018,8847.86
13156,9392.53
11668,6237.53
11176,8661.90
13779,16551.94
12521,10604.27
11917,6776.05
14398,17379.93
10858,5647.10
12943,10580.77
13290,13244.98
12188,13177.34
11773,9379.47
12022,9720.07
14130,16624.39
12333,7479.25
11275,7855.17
11872,8686.98
12251,9187.02
12162,8780.04
11898,7513.98
12588,9018.68
13196,12015.39
13580,16949.54
13441,16859.71
11288,9262.32
11458,7745.51
12856,15769.78
13326,23164.45
13283,22774.79
11925,8870.26
12260,10980.65
12801,16238.96
13874,14262.98
11540,7034.15
10763,7681.99
13883,16811.34
12684,9446.75
13733,13111.90
12465,12906.63
12345,11194.01
11757,8391.97
12722,11471.52
11563,8125.52
12033,10609.23
12993,14190.43
12560,12717.06
12138,8572.47
11476,5983.46
11500,11764.97
11261,7512.47
15759,21685.53
12106,9331.71
11573,9824.45
12909,12372.61
10670,7993.37
13102,18387.16
12910,12726.23
11698,10831.86
11477,8370.69
11798,8255.80
13295,15028.66
11402,6564.53
11260,8942.73
10972,7086.53
12490,13272.14
10835,5975.97
12711,12018.93
11595,9794.40
13189,12236.13
11899,10210.67
12783,11525.72
11925,7394.85
11592,7930.02
12538,10541.36
11956,9990.32
12614,9497.47
11330,7092.48
12325,11942.76
11575,7556.78
12977,10934.48
10968,8445.21
14937,22499.22
12266,15879.34
12402,9989.09
12271,14733.30
10850,6570.11
10745,6732.68
12259,12123.56
11095,6953.62
12784,11777.63
10979,10237.45
11746,9346.21
10800,6076.22
12071,9861.72
11854,7668.46
12107,9596.30
12701,11737.36
13244,14473.01
11541,8203.71
12387,9815.81
11699,9880.39
14039,16133.87
11519,7862.67
11787,8098.79
12853,10431.34
11876,8724.64
13297,10241.76
12122,7899.43
12195,12116.52
12230,9291.94
12419,8545.26
14651,12420.22
12084,6160.44
12734,11530.08
12592,7606.09
12138,9099.53
12602,12088.23
13079,10150.87
12866,9911.64
12960,12168.77
13461,15671.81
13654,13832.66
12839,11873.72
12486,10114.51
13482,13155.26
11327,6243.85
11139,6309.20
10649,6235.92
12328,16040.12
13142,12750.08
11451,12287.50
11990,9957.66
10567,7978.83
10479,8426.63
10722,8624.74
10385,6315.45
11280,6275.52
11009,8155.76
11063,8261.18
11591,10604.98
14655,19892.55
11634,6271.41
11544,7968.73
11940,11962.71
14735,32240.61
15554,46024.95
12159,7432.78
11484,6694.14
11743,8082.01
14790,18385.21
12761,13315.02
11883,7402.23
12730,9757.54
11950,7590.99
12473,9296.19
12384,7863.39
22510,55410.52
25081,99888.42
