12881
11172
10296
11689
11148
11865
10690
10428
10897
9245
10276
10702
10848
10203
11218
10321
10840
11385
13006
10386
9801
10177
9971
11410
11282
12331
11240
10966
11457
9769
11162
11386
11568
10688
15123
11021
12049
12142
10563
11765
10403
11603
10455
11171
10840
10660
10694
11088
10637
11714
11697
13989
12812
10259
10831
10304
10062
10924
10868
10221
11250
11735
11997
11491
13593
10888
10362
10665
12909
10892
11492
11658
10821
10619
12760
11661
10529
10276
11224
10066
9868
9157
13093
10238
10445
11016
10928
12694
10924
11168
9642
10121
10449
12057
10624
10136
10607
10690
12509
10992
10874
9982
11262
12289
10995
9172
9452
11203
10871
10524
10580
10096
11095
11557
10612
10558
12089
10990
10460
12440
11688
11084
10623
12087
12739
10956
11284
12092
9996
10809
11164
11699
10898
11114
10722
10854
13712
10037
10898
10557
10627
10795
10994
11198
13660
11372
13639
11738
10802
13201
11690
11861
10883
11003
12685
10610
11311
9976
13258
10767
10189
11848
10251
11489
10745
10329
11876
12936
13093
10834
10947
10449
11680
10861
10432
11198
12545
15538
11465
12518
13117
11389
10670
11406
11439
11306
11386
11429
14497
10575
10615
10608
11624
11652
10769
13207
10815
10633
12954
10443
10623
10688
10927
10588
11953
11442
12922
10805
11950
13925
10914
11619
10774
12373
10532
10726
13691
11514
12932
11834
10424
13923
11268
10831
10765
12208
11108
11001
13946
13623
12547
13470
11562
11810
13185
10425
10652
13406
12410
11049
10561
10599
11074
12095
11128
11568
10759
10449
12600
12523
13105
13258
11875
11722
11894
11607
10600
10541
10777
11220
11681
11614
10404
10956
12464
10785
11591
13019
11607
11463
11010
11463
11346
12135
12042
10573
11053
11820
12701
11308
10940
11844
12320
11365
14338
11813
10785
11110
14493
11275
11359
14693
10377
11397
11698
11699
10717
11883
12588
11087
12478
11285
10932
11311
12210
10584
10031
11102
9776
10631
11227
15767
11793
11348
10744
11000
11220
11110
11892
11058
10682
10963
10979
11230
10586
12343
10775
12259
10987
11714
10796
11779
12636
10561
12219
10002
11163
13093
10804
11428
10912
11129
11019
11250
10754
10448
11510
12001
12351
12181
13953
11424
11170
12664
10621
13967
11510
12940
11340
11390
9716
15806
11555
16916
10810
11246
10838
11473
10574
10354
12130
10207
12359
10491
10356
10806
11810
11519
11410
10868
11863
11879
14346
11110
11925
11391
13449
12156
9893
11065
12107
10825
11011
13863
10949
11983
11953
12040
10774
12300
11005
11791
11651
11708
10245
11609
10486
10774
11535
10648
9865
10388
12104
10714
13167
12499
11840
14895
11444
11647
11680
12837
10790
11500
10127
13566
12137
11220
12649
11478
13863
13068
13530
11230
11951
10540
12134
12209
12657
14386
12387
11401
12088
11920
12876
10724
12377
11335
11116
10959
11519
11338
11087
12262
11426
12902
11132
12685
10724
12602
11277
11789
9858
10736
11404
12046
11770
12096
14611
11035
10893
12289
10962
11569
11601
12070
12064
12696
12457
12571
12090
13233
10847
12315
11277
12697
11705
10736
10014
11198
10607
12005
11169
12441
16008
14119
10948
10942
10484
11680
11954
13438
11854
10451
10770
10883
10576
10460
10826
11684
11142
13196
11239
10844
10864
11310
10135
11493
10242
11408
11195
11103
12654
11253
11572
10536
12695
12116
11938
10538
11221
12555
14070
10463
11246
10276
10627
10072
10391
11534
10900
14685
11319
11298
13146
10840
10797
11604
10300
12513
11155
11901
12043
12883
12128
10882
11541
11718
12206
11467
12036
10678
11543
11037
12077
10605
12765
11122
12141
12305
11292
12034
10366
10959
13680
12053
11341
13612
11131
17084
10613
11238
11164
12751
10955
11181
12354
11370
11593
13278
11694
12328
11696
14211
10758
14387
11883
12643
14508
11265
10592
10724
11696
11752
10869
10424
14950
12847
11557
11791
12630
11754
11429
11069
12741
11276
11375
12999
11018
12091
11721
11845
13625
10899
12326
11779
11369
11414
14429
11068
11178
11116
14475
12140
15991
10155
10543
10680
10891
10358
11588
12329
10572
12597
10680
11731
12090
13140
12350
14925
10357
12250
10814
10980
10944
13345
11330
11683
11243
11410
11666
10887
11350
10114
10651
10685
10774
11348
12560
10721
11630
15299
11357
12018
14950
13300
12160
13670
10483
11282
10733
11431
15663
13244
10732
11175
11694
12700
13261
9791
10993
9805
10720
11295
10707
10768
11132
11358
11164
11255
11795
12994
11507
10453
10117
11653
10449
11255
11217
14959
12546
11914
12069
12692
10977
11978
12070
12608
14284
11046
12879
11409
11083
11615
11377
11322
11261
12485
11591
9910
16019
13346
13532
11163
10634
11168
11249
12043
12415
13188
12938
10945
12566
10982
10759
11096
10665
12514
11287
12142
10884
10973
11927
12447
12911
11777
11152
11166
11149
10972
11579
11425
11338
12151
10965
11122
11583
10384
11619
10724
10749
11747
11128
11189
12257
10769
11834
11867
12288
10827
11718
10967
14164
12388
11243
11504
12216
12845
11375
12266
12497
11306
11543
11608
12003
12403
10746
14223
11356
12337
10575
13566
10527
11922
11686
17908
13247
11000
10949
11044
13082
11312
10505
11221
11401
12413
14284
10803
12738
12218
12206
11270
13864
11190
11268
11354
13707
11430
11094
11245
11750
11528
13645
14154
11497
11631
11047
12051
12523
11618
10444
12450
11150
12184
10711
11858
11735
11028
10638
12113
14588
14843
11911
10982
11144
10775
11536
10836
11812
11372
12719
12451
10902
11069
11381
10856
11174
13869
11288
12954
10399
11365
10772
11129
11599
12085
11150
10283
13050
11059
10946
10864
11349
12942
12373
10247
11355
12770
11091
11028
10537
12340
12866
13185
12184
11316
11393
12021
12968
14147
11013
11603
10678
12968
10847
11764
15735
11596
12026
12471
11057
10943
10952
10767
10503
10917
12398
11445
12506
11944
11008
12983
12208
10907
10643
11110
12227
12015
10896
11475
11577
10836
11274
10787
11573
11230
10564
11840
11337
11508
11773
13400
9905
11307
11768
12004
14661
11929
11021
10378
12148
11378
12171
11105
12497
12420
11586
11175
11033
10648
10976
13152
11283
11377
13432
11115
10650
10692
10562
10801
11082
12281
10029
9530
10484
10813
10433
10854
10245
10616
10990
11996
11249
9630
10243
11213
11085
10140
12002
11914
11505
15286
10565
11409
12864
11970
9822
11569
12611
12322
10426
10954
11289
10999
15473
12596
16441
10452
10095
11942
12369
10269
10637
12034
11953
9725
9988
10865
11283
11380
11094
10383
11807
11890
10933
11825
11715
10130
12097
11107
10963
10272
11538
10676
11606
12974
12724
14619
10498
10182
11818
12425
14183
11417
13059
10664
10063
12707
11291
9743
10625
11370
10764
10746
10545
13152
12825
11964
11439
11077
13811
11316
12155
11131
12341
10555
11398
11029
11486
12436
12618
11047
11805
11046
11065
10944
11763
13317
11415
11393
12880
12069
10798
12338
10262
11528
11609
10956
11706
11774
10196
11452
10087
10994
10995
10890
12658
11176
10490
11119
11191
10512
10391
11415
10893
11953
10497
12641
15084
11201
11510
11279
11201
13172
11241
11892
11163
10218
10882
11666
12656
12522
11558
11535
12012
11731
14400
11928
10173
11251
10241
10533
10648
10201
13628
12983
11439
11938
12021
13095
10452
11291
11777
11310
10200
12794
12307
10410
12877
11320
12291
11229
14128
10335
10295
10960
11353
11525
12109
11794
11562
13699
11152
10832
11903
10569
11261
11814
11516
10513
11090
11459
10807
11859
12897
11144
11764
10619
12748
12980
11639
11903
12832
13932
12992
12217
10964
11212
11416
11562
11254
11459
10866
12353
10505
10452
12191
13215
12160
11098
10874
13395
10806
10883
11626
10865
13213
11762
16246
9803
11827
12595
11003
13126
12788
11359
10912
11545
12492
12018
11131
11968
11182
14235
14624
11188
13070
12543
12335
10685
12332
12033
12697
11250
13367
11743
13212
11312
11651
12426
10990
10766
11544
10037
12468
10935
11905
11116
10825
11538
11201
12100
10637
10778
11341
10729
10642
13546
10472
10384
29355
10390
11272
10495
10912
13902
11939
12265
11137
12079
11898
11379
15058
10445
12633
13510
12838
13316
11398
12732
11712
11283
10423
12264
10737
12141
12281
11078
11443
10989
12549
11085
12243
11681
14953
11986
10959
11503
10746
11421
10789
11636
11068
11071
16777
13170
11851
10529
11871
13133
12106
11047
11869
11776
11285
12509
11664
12203
11259
11747
10142
14074
11723
10555
12330
11769
11622
11792
11639
11579
10605
12282
12508
12019
13117
13725
13691
11153
11109
11240
12572
12302
11607
12101
11292
12808
11111
11850
10703
12994
10624
10033
10733
10547
11262
11430
12348
11489
11370
10980
11429
11156
12279
13030
10575
11046
11077
11841
12589
10786
10764
13120
10629
13091
13246
11625
11618
10814
11506
11263
12413
12510
12872
12147
13566
11935
12858
11113
11193
14529
10754
12707
14883
12169
12534
12323
11375
11754
12880
11897
11725
13269
11916
12875
11732
12177
12189
12712
11112
13056
12357
11530
11311
13423
11711
12885
10892
13083
12319
13305
11658
15650
11351
10785
12127
10962
11574
10963
11591
14416
12278
13094
12591
11364
13610
10232
12438
13582
11807
12298
11800
11431
11116
14833
11002
10920
13753
12286
12032
11404
10714
14165
11107
11204
11984
12274
11799
12289
13486
12115
11654
11173
12383
10882
12110
10769
11980
11906
11253
11826
11468
11028
11298
12656
12078
11741
11101
11683
10933
11611
11558
12651
13107
13812
10295
12617
10550
10591
14624
11809
13558
12013
11530
12135
13009
11497
12977
12728
11542
11910
10909
11539
12699
10989
14105
11206
10766
11498
15024
10753
12219
11659
10107
10788
10268
12785
10267
12978
11776
12880
11986
12517
12077
11438
11132
11472
11806
11242
15858
11983
11934
18150
11751
11455
10212
11677
13255
12650
10948
11235
13638
10084
11606
11586
11481
11042
12306
11097
11087
11721
12140
11706
11160
11545
12362
10470
12566
11564
10440
12529
10880
10664
10439
13969
11658
11338
12503
13534
11936
12452
10942
11306
11481
10483
10293
12156
12236
11675
12101
11253
11569
11252
11487
13768
10528
11513
11086
12966
11676
15451
11098
11206
11719
10460
11369
10664
12335
11689
11183
10875
10892
10173
10305
11361
11875
11035
10703
12050
12198
12473
10882
10440
10445
12590
16633
11451
11112
12478
11552
11593
12402
11128
11455
10842
11713
12011
11277
13400
12399
11040
15404
11023
11261
13475
11940
12579
13918
10863
11320
11384
10650
12011
11748
13954
12053
11131
11366
11093
11053
12265
18860
11923
11704
10550
12268
11908
11278
15031
10992
12206
10402
12198
11112
13806
11264
12284
10408
11195
12901
13731
9838
13601
11566
11520
12583
12439
11409
11042
11868
13661
11214
13342
10644
11023
10800
10715
11664
12682
13716
11723
12280
11227
12269
11515
12911
12665
11925
12266
12687
12675
12410
13350
12372
10660
10448
11127
12021
11345
11104
11488
11649
10867
11487
12603
12041
11112
11199
11225
10262
11623
12293
12167
11813
13273
12845
13244
12641
11858
15056
12830
12082
11781
13374
10873
12181
13775
11504
11802
11528
10670
10929
13831
11156
12392
10604
10865
11421
11464
12579
12682
12233
11614
11233
11768
12118
12688
11821
13253
15337
12487
12758
11551
11629
12597
14406
11463
12257
11097
11797
11306
13630
11118
12385
10485
15265
12575
11864
11953
11901
12261
11117
11996
13525
13350
11567
15006
11344
13361
12214
13358
12876
13898
12849
10819
11636
11742
12468
12495
12664
13302
11715
11489
11059
12189
10580
11793
10777
11248
11623
10277
11473
10769
11627
11953
11923
13731
11536
10879
9948
11830
11730
10877
13879
10686
10696
14722
12101
18043
13142
11066
12362
12007
11106
10812
12164
11267
16964
11925
12705
10820
11070
11162
10973
12445
10961
11855
11391
11818
11155
10965
12237
13112
11303
11769
10408
11719
12131
11073
12490
11332
11380
10638
11236
12216
14535
11466
12190
12979
12214
10999
10114
11297
10884
13820
12177
10787
10777
12880
11295
10270
13675
11252
12247
10644
12077
12085
12299
11823
11214
11939
11527
11726
11164
11144
12091
10736
10841
11569
11852
11695
11070
10381
15099
12789
11961
13183
13358
10646
10910
11976
11448
11394
11261
12436
11655
14624
11652
11210
12076
12515
12816
11320
11695
12621
11925
10645
11411
10469
11780
11703
15493
12962
12952
10618
11220
11875
13089
11741
13128
11603
11679
10224
14450
12091
11421
10948
11572
11469
11717
12184
10557
12302
10775
11511
10944
10874
14906
10805
11556
12249
11325
15453
12952
11438
12395
12832
12879
11146
11583
12536
10678
17413
16315
11281
13530
12278
10292
15217
13110
12213
13939
12734
16493
10842
11130
11935
12434
11838
12570
10875
15494
11393
9809
11287
12148
11777
11425
12428
10753
13385
14207
12408
13398
13125
11140
12439
12238
10743
11717
12018
11288
10234
12314
10935
12186
11870
10913
12868
15333
12294
16268
11952
10839
11641
11840
12477
11361
12531
14165
13020
10331
11255
12962
12815
11812
11095
11440
11782
16136
13481
11179
11426
11659
11815
11232
13112
10826
12508
11949
13895
13845
11975
11199
14407
11706
11301
11805
12244
11877
14254
11751
15878
12147
11251
10695
11335
12511
11788
12037
10820
12833
11998
11687
11467
12355
12710
12115
16496
11742
12731
11807
11732
13027
11876
11756
11708
10611
12115
11975
11500
11873
11746
12080
16219
12830
15748
11365
11247
10886
11752
12618
17394
13277
11771
11633
11305
10031
11172
12358
12471
13496
11452
12012
11710
11823
11377
12838
10245
12428
10894
11676
12593
12831
11204
11899
11796
11553
11272
10971
11795
10575
10989
11717
13123
12065
11268
10814
13701
11980
12463
12045
11689
11008
11064
11953
11441
10729
11315
11285
10887
10901
14005
13147
10892
12047
11138
17434
11979
11885
11540
11824
11765
13170
10969
11327
13340
11652
12286
11903
10643
10923
10921
11681
15333
13654
15137
12712
10891
10730
11349
11491
11572
11081
10346
18275
11752
11371
12847
11295
13548
14796
13916
12725
11953
14225
11619
11578
13378
14884
11062
10780
10996
11267
14002
12619
11576
13636
10501
11377
13894
10873
10869
11969
11741
12621
12595
15571
13967
12184
13427
13132
11804
13996
13039
11379
11064
13876
14009
12748
12182
11627
10839
10749
10870
10188
10678
10428
12522
11911
12890
11915
11712
10896
13183
12384
12520
12133
11594
10573
11619
12629
11937
12426
13022
12653
13790
11800
11757
12127
11608
12587
13450
10729
11090
11168
11694
11702
12598
11775
12194
11049
12256
11423
12021
11921
11402
11692
10844
12234
12418
13902
11461
11370
11734
10557
11809
10849
10728
10665
10825
11745
12017
10779
12401
11241
12271
11122
11230
11920
13506
11475
12131
11284
11322
13332
11149
10931
11378
12564
11271
10990
10850
10796
17021
13712
11775
12129
11803
14797
11997
10919
13886
11344
10460
11489
11616
11562
15513
12361
11803
11541
10906
10011
10819
11450
12408
11156
11338
10929
12090
11622
11395
12129
11580
10881
14488
13033
11165
11072
13469
12680
12305
12169
10893
12935
12435
12782
11337
11240
12166
10901
11523
10999
11238
11433
12005
13401
11212
13338
13841
11301
12827
10907
11642
11365
11986
10646
13013
11720
15607
11413
11542
12388
11148
11709
11515
10425
10657
11903
10585
12725
11347
10870
10092
12553
11351
11311
11466
12551
12355
11073
11573
11753
12477
12200
11185
11110
11093
13725
11259
11404
11640
10453
12225
12341
12870
10991
11490
10239
11557
12186
16136
9956
12247
12502
12009
12352
10624
11773
10948
11429
12190
26281
11036
12451
13095
11055
13225
11030
10934
11331
11111
10118
10765
11495
13032
11875
12483
11585
13736
14174
11341
11520
11032
14206
11415
11699
11620
17087
11677
10274
11158
10769
12955
11869
12154
10560
11031
10552
12105
11627
11391
11816
11247
12592
10924
14308
12196
11891
11081
11356
11540
11992
13696
11651
11254
11425
11073
11206
10851
12921
11843
12581
11478
11028
11498
11332
10974
12074
12503
12218
10794
11173
11138
10569
10624
15658
11179
11675
13366
12126
12469
12134
12855
15405
11945
14663
12146
11855
12149
11458
12155
11068
12045
11562
10823
11779
10871
11720
14246
14043
10478
10789
11859
11206
11496
10813
11872
11492
12928
10857
11350
13679
11128
13054
13126
12011
10035
11090
11622
11829
11453
12537
12874
12131
11006
11970
11419
11753
10674
11571
15780
10972
10954
11466
10207
11142
11664
10437
12233
12263
10639
11441
12924
11484
10425
14443
11600
11384
11021
9961
10743
14887
10269
12939
13590
11928
11646
9946
10973
12287
18389
11528
12215
10336
10804
11561
12768
11290
11743
11532
11041
11056
14279
12407
9350
11174
12263
16773
10999
11365
13041
13896
10584
10411
13856
10333
13411
11081
11078
10958
17831
10167
10968
11354
13089
13540
11034
11755
11112
13596
12718
13288
12051
11896
13166
11877
15051
11415
11051
12038
10889
12953
13808
10629
12362
11173
13224
10908
10892
11731
12656
10916
11775
11975
11182
12991
10844
10687
11079
10861
11571
12415
11228
11651
12300
11824
11004
11153
12092
10706
12590
11437
10992
11786
11352
11287
11417
12451
10864
11259
11730
12341
10125
11181
12685
11868
11977
11020
10414
10892
10197
12747
11141
10766
12387
11139
9809
10422
13122
12414
10848
11730
11613
11674
12753
11951
12109
14245
12047
13144
11337
10623
10664
10941
11969
11818
11840
12292
12254
11304
11513
13051
11838
13171
12625
11832
11621
13220
11595
13591
14480
11202
14637
11893
10457
11062
12578
10535
11369
11573
10845
12346
13050
11295
12403
11060
11684
13171
11119
12112
14039
15192
12239
10096
10022
13648
11188
11159
11064
10585
10835
11919
10882
13187
10705
11439
11332
11493
12034
13336
12130
10882
10781
10439
11446
13813
11524
10436
11303
11925
11357
13963
11822
13283
11607
10974
11508
11481
11984
11434
11365
13775
10595
11512
11164
10894
11811
11056
11664
12367
12859
10590
12910
10439
12481
12084
11747
12043
11545
11253
12247
11295
11756
11487
12073
11094
12684
13190
11944
12600
12816
11803
10702
13724
12962
14274
11458
11598
11349
13544
11354
10498
13661
11847
12971
10639
11116
12721
10761
11756
14938
11641
11492
11096
10803
11526
11455
10546
10164
13018
12101
11779
11219
11000
10308
10151
11556
11023
11146
11264
10774
11843
10433
11803
10710
11639
10713
12020
11546
12631
13101
12559
11826
12321
10605
11636
12741
12087
14036
11723
15457
12264
11123
13902
11557
11521
12524
12230
11233
11752
11886
14908
13712
12093
13185
11297
11982
12234
12794
12799
12052
11650
12140
12083
12162
11693
12081
12837
11965
11791
11321
11281
11924
12548
14059
10955
11057
11293
11755
10949
12042
10578
12055
12894
12553
12185
11147
10767
11122
14760
20956
11343
12326
10833
11464
11160
12503
10438
10666
13581
13146
13526
11902
11927
11816
14342
12837
10361
12933
11763
10630
12125
14199
12125
12362
13801
14714
10987
10631
11761
12965
11304
11785
12614
13315
12430
11899
12614
11374
11477
11744
11284
11619
10704
11471
13229
10403
11867
12036
10467
11910
14610
10893
12008
11485
11235
12099
10743
11910
15816
11691
13384
14427
11352
12508
13620
12403
11233
11394
14198
10935
11998
11844
13942
10859
12290
12799
13059
11255
12068
13725
11717
11400
12212
12321
12669
10984
10374
12635
11624
13276
12989
12155
12091
11146
13601
11057
14146
11854
14918
10757
11943
11438
13440
13764
13085
12108
14501
11077
11308
11311
11887
10596
13212
12487
12066
11701
13036
12137
11257
13622
12938
12911
12469
11736
14967
11878
11823
11924
10837
11309
12607
12552
10626
10073
11847
11919
13911
13963
11542
11427
12079
11216
13827
11975
10008
16280
12062
12519
11237
11442
11187
11530
11577
10852
11611
14935
10902
10829
11677
12586
10025
11588
13757
11842
12657
12891
11741
10491
12199
11783
12023
12497
13243
13863
13593
12030
15246
13879
11619
16539
11877
11787
12130
13098
11210
12572
11725
10625
13721
10823
12217
12357
12012
11199
11778
12852
11483
11786
13387
14841
11324
11986
11689
11503
11217
11559
14671
12541
10634
11513
13264
10409
11177
11869
13349
11186
14787
12056
12893
11538
10757
10708
11496
11321
11878
11419
11627
10944
11946
11685
11261
11154
11520
11684
13050
11836
11989
11079
11365
10550
10837
11574
11388
13088
12503
13383
11136
12144
11918
11025
14870
14037
12945
11350
12096
11143
11820
11637
13152
10924
11776
13797
11315
13119
10898
11406
12606
13000
13107
10770
10434
12067
13048
11680
13577
11352
12264
11331
11806
12529
12098
10900
10296
12830
12125
13834
11663
11424
12231
12311
12205
10619
11212
13037
11938
10888
14833
12320
11253
11913
11123
12434
11874
11061
11093
11463
13887
16152
11884
10966
11556
10966
10845
11119
12247
11313
12306
13620
14177
11462
10808
11492
10819
12406
11309
13424
11579
11587
12580
10201
17471
12138
10896
11204
12255
13123
11835
11759
11486
12094
10831
11141
11014
11553
11883
12671
11576
19880
14616
11048
11528
12558
11294
11877
14590
12933
12274
12091
11139
12299
10597
10997
12137
12470
11626
12461
12505
11211
12820
12045
11190
11786
11029
12943
25210
10105
13347
10287
14813
11056
11738
9972
12780
11721
13073
11082
10276
12155
9275
13367
11216
11233
11537
12529
11720
13474
12000
11427
11142
10931
12480
13678
14251
11408
12713
11431
12061
12413
10845
12085
11103
12163
12392
14034
10930
10668
11594
11586
11106
14820
13655
14295
12088
10710
11406
11768
11539
12088
11690
15320
10235
11321
11340
12489
12078
10583
12987
12168
11236
13731
13020
11190
13710
12820
11963
14791
17227
11727
13644
12425
13120
11067
11831
12268
10672
11299
11494
11622
11920
12207
12294
12363
11405
13267
12350
11893
12084
13045
12030
11720
10957
12495
13742
13076
10545
11723
10710
10794
11347
12724
12319
12656
12176
11647
10526
11845
12334
11158
11345
10927
11441
10675
12286
13364
11244
10961
12364
12037
11497
10860
11447
11948
11109
11015
12261
11376
11595
11875
11586
12087
14135
11826
11617
11697
12757
13397
12381
12986
11269
11416
11205
11256
13720
11257
12175
14064
12468
12359
10652
11068
10713
12642
10800
11269
11971
13666
11862
11072
11373
11248
11225
13233
10840
12610
11244
11509
10959
11205
12611
11641
11513
13317
10647
11486
10409
11987
12687
11267
14944
13206
11499
11497
11977
12007
11538
11403
11351
14763
16475
10962
12711
14986
16755
13142
12216
10971
12217
11194
10850
12657
11087
13436
11808
11650
10962
13530
10873
13422
12337
12598
13116
13040
11637
12059
10524
11880
11802
12440
10884
10958
11974
10486
11976
12594
11924
11156
11114
11759
10492
10708
13623
12978
11000
12470
12147
11893
12693
11377
14444
12062
11705
12648
11375
13106
11873
11116
11482
12800
11659
10795
11399
11024
10944
10978
12494
12731
12199
15289
10961
11577
14053
11787
11687
11286
11833
11719
17402
10503
11947
13848
11532
10526
12367
11773
11069
13668
11938
12889
12323
11924
11500
10837
13335
17098
14046
11765
14918
11682
10637
13436
11523
11508
13047
12130
14240
10655
11994
12174
10765
10886
11188
11517
12271
11715
13627
14263
11682
11559
10489
10923
11688
12297
10998
11529
12081
12674
12551
13415
11245
11985
11382
14351
14757
12585
11919
11104
11521
16516
9712
11482
10075
12250
13114
11884
10789
11650
10795
10495
11482
10849
11904
11535
11226
11313
10428
12008
12379
11121
12999
16066
11749
10962
13179
10720
12706
13708
13519
11903
13670
10575
10389
10685
13658
11224
11971
12644
12943
11077
11033
12491
12473
12671
12869
10671
14750
13137
10975
10967
12220
12423
12131
10977
10390
11060
12326
15731
14063
11078
12245
10953
12365
13637
11441
10831
11643
12245
11440
11295
11398
10731
11456
11518
12896
11958
11641
11435
11562
13177
12027
11782
12141
11025
11569
12229
12181
11742
11133
12288
10425
11256
11459
11826
11861
12252
12123
12657
10979
12299
12575
10554
11553
12184
11890
11107
10504
11300
12076
11810
12078
12328
24732
10944
13496
11852
12180
11642
11011
12511
11422
12065
12339
12465
12005
12313
13289
11879
11648
13126
14165
12702
11619
12166
10521
11251
11288
10880
11038
10425
10964
11125
12503
12444
11334
12554
11601
12469
11808
14147
10375
10775
14099
11108
11999
11796
14052
10694
11873
11112
10651
10821
11134
11947
12685
11355
12677
11903
14619
13488
12332
12306
12626
12256
11697
11098
10720
12300
11668
11321
10743
11679
11444
12219
11785
12849
12091
10963
10924
12803
11066
11068
11396
11476
11955
12696
13317
13179
10476
12213
10105
10581
13094
11592
11383
10449
11683
11408
12534
12849
10800
11097
12440
10686
11356
11233
15297
11283
12252
11459
11110
12226
10087
12149
10593
10728
10830
11265
11566
11389
10296
10886
9795
11181
11139
11352
11710
12727
14286
11914
11687
11240
11317
12114
12818
11326
10194
11371
10751
10001
12257
14326
10438
11753
10765
11888
11780
11499
11504
11340
12003
12233
11350
11103
14102
11548
11115
13301
11201
11070
12817
12158
12706
12123
14885
11290
11220
10118
11422
10282
12708
13556
14571
14905
11489
11396
12961
11004
11618
12202
18260
10199
10174
11262
11700
11989
11862
11883
11537
10374
11703
11321
10945
11040
11533
12846
15912
11582
11580
11526
11575
10909
11585
13031
10734
10894
11504
13884
11365
15142
12497
11458
10756
11497
13610
13476
14061
10926
10796
11448
12517
15647
11038
10477
11355
15328
13312
11217
11718
11081
10635
12168
10882
11750
11573
11708
11449
14361
11282
11898
15825
13446
11396
10949
10476
10438
12360
15307
12689
11332
11422
11476
11673
12104
13703
11790
11864
10250
11739
10943
10979
11709
12566
12294
11361
10400
11364
12026
11518
13110
9811
11455
13348
11089
11260
12390
11244
12589
10764
13484
11946
15303
12758
11755
13354
11584
13549
11244
11486
12718
11251
10533
13751
11991
11632
12401
11920
11943
12853
12136
11249
11714
13835
11842
10989
11582
11881
11581
11521
12390
12660
12786
12904
10760
10846
12308
11493
14361
11424
11937
12644
13476
11206
10450
13352
12243
13421
12197
12360
11468
12738
11386
12004
12717
12149
12294
11113
11330
10846
15492
11783
11150
12892
10514
13556
14389
11088
11148
13145
11432
11496
12497
10547
13523
11118
12261
11633
13008
11966
12566
11766
11286
12971
11192
12555
12073
10997
11438
12528
11149
15571
11794
11222
12098
11110
10835
12490
11668
12559
9981
11356
10569
12210
11531
11976
13693
11435
11901
11914
12078
12988
11464
11626
12315
11624
13499
13109
10786
12040
12709
13678
13040
12416
11972
13545
11019
14090
12190
13625
12274
12843
11855
13125
12445
10650
10850
11222
10968
12760
10753
11037
10180
10216
10495
10161
11060
11144
10634
10559
13092
11363
11151
11835
23525
10977
11526
11538
12182
14400
11368
11559
12113
11835
12663
12272
490439
11913
24771
4656
4720
